0 0.0
1 0.0
2 0.24915703002339057
3 0.5453294932224098
4 0.9973387568712704
5 0.9999969452287086
6 0.9999999876724088
7 0.9999999953684086
8 0.9999999961699152
9 0.9999999966603045
10 0.9999999969733411
11 0.9999999973780326
12 0.9999999977313179
13 0.9999999980464516
14 0.9999999982798333
15 0.9999999984573313
16 0.9999999985924973
17 0.9999999987100976
18 0.9999999988215227
19 0.999999998931968
20 0.9999999990369499
21 0.9999999991302061
22 0.9999999992068007
23 0.9999999992655458
24 0.9999999993077909
25 0.9999999993361253
26 0.9999999993531729
27 0.9999999993611354
28 0.9999999993616377
29 0.9999999993557993
30 0.999999999344321
31 0.9999999993275863
32 0.9999999993057299
33 0.9999999992787125
34 0.9999999992464037
35 0.9999999992087077
36 0.9999999991657463
37 0.9999999991181064
38 0.9999999990671443
39 0.9999999990152776
40 0.999999998966139
41 0.9999999989243703
42 0.9999999988948561
43 0.9999999988815461
44 0.9999999988867235
45 0.9999999989114942
46 0.9999999989559352
47 0.9999999990164935
48 0.9999999990839257
49 0.9999999991472727
50 0.9999999991996574
51 0.9999999992389657
52 0.9999999992652134
53 0.9999999992787569
54 0.9999999992798009
55 0.9999999992683395
56 0.9999999992442943
57 0.9999999992079324
58 0.9999999991605529
59 0.9999999991050891
60 0.9999999990458881
61 0.9999999989870156
62 0.9999999989295794
63 0.9999999988699754
64 0.9999999988007771
65 0.9999999987143676
66 0.999999998608669
67 0.9999999984940033
68 0.9999999983962321
69 0.9999999983455674
70 0.9999999983498741
71 0.9999999983777483
72 0.9999999983699183
73 0.9999999982512776
74 0.999999997900634
75 0.9999999970226875
76 0.999999994681822
77 0.99999998721801
78 0.9999999572457791
79 0.9999998079034691
80 0.9999983708791437
81 0.9998037011716211
82 0.9576303157768034
83 0.6547620643394666
84 0.3321471264463019
85 0.07452732063313615
86 -0.16664745760266936
87 -0.39575803013269023
88 -0.6130326212513723
89 -0.8342580171638674
90 -0.9797991247358733
91 -0.9997051132147496
92 -0.9999980876796589
93 -0.9999999491617579
94 -0.9999999932160297
95 -0.999999997689844
96 -0.9999999987320917
97 -0.9999999991057903
98 -0.9999999992786759
99 -0.9999999993729121
100 -0.9999999994280557
101 -0.9999999994592556
102 -0.9999999994737361
103 -0.9999999994756514
104 -0.9999999994676447
105 -0.999999999451499
106 -0.9999999994284797
107 -0.9999999993995315
108 -0.9999999993654001
109 -0.9999999993267327
110 -0.9999999992841997
111 -0.9999999992386613
112 -0.999999999191379
113 -0.9999999991442204
114 -0.9999999990997187
115 -0.999999999060704
116 -0.9999999990291794
117 -0.9999999990047442
118 -0.9999999989849239
119 -0.9999999989712695
120 -0.999999998978561
121 -0.9999999990289147
122 -0.9999999991225181
123 -0.9999999992275838
124 -0.9999999993129066
125 -0.9999999993701905
126 -0.999999999404459
127 -0.9999999994208216
128 -0.9999999994210058
129 -0.9999999994045013
130 -0.9999999993696893
131 -0.999999999314536
132 -0.9999999992375347
133 -0.9999999991391674
134 -0.9999999990233216
135 -0.9999999988971092
136 -0.9999999987675668
137 -0.9999999986360831
138 -0.999999998494424
139 -0.9999999983259904
140 -0.999999998112961
141 -0.9999999978488077
142 -0.9999999975546947
143 -0.9999999972883117
144 -0.9999999971195535
145 -0.9999999970689456
146 -0.9999999970652363
147 -0.9999999969645176
148 -0.9999999965693529
149 -0.9999999955506659
150 -0.9999999931707736
151 -0.9999999874661993
152 -0.9999999722717164
153 -0.9999999240654512
154 -0.9999997308415105
155 -0.999997938226007
156 -0.9997139674476879
157 -0.9474016343511947
158 -0.6327215014772278
159 -0.3146116390992046
160 -0.05929639081901792
161 0.17882110205393212
162 0.40587570768858344
163 0.6274933027851033
164 0.8554748712702447
165 0.9865422300826818
166 0.9998522073203631
167 0.9999989614975766
168 0.9999999629143271
169 0.9999999937580396
170 0.9999999975556951
171 0.9999999985416183
172 0.9999999989150297
173 0.9999999990918021
174 0.9999999991893249
175 0.9999999992475637
176 0.9999999992821395
177 0.9999999993004681
178 0.9999999993067084
179 0.9999999993033479
180 0.9999999992918561
181 0.999999999273033
182 0.9999999992472314
183 0.9999999992145217
184 0.9999999991748503
185 0.999999999128231
186 0.9999999990749968
187 0.9999999990161198
188 0.9999999989535473
189 0.9999999988903956
190 0.9999999988306393
191 0.9999999987778229
192 0.9999999987330278
193 0.9999999986948737
194 0.9999999986665159
195 0.999999998666876
196 0.999999998723824
197 0.9999999988382452
198 0.9999999989707535
199 0.9999999990816307
200 0.9999999991597566
201 0.9999999992115329
202 0.9999999992442575
203 0.9999999992615787
204 0.9999999992648698
205 0.9999999992545847
206 0.9999999992308872
207 0.999999999194213
208 0.999999999146024
209 0.9999999990894581
210 0.9999999990291119
211 0.9999999989692698
212 0.999999998911111
213 0.9999999988508992
214 0.9999999987809408
215 0.9999999986933795
216 0.9999999985861233
217 0.9999999984699063
218 0.9999999983714613
219 0.9999999983218425
220 0.9999999983288488
221 0.9999999983599093
222 0.9999999983543186
223 0.9999999982357931
224 0.9999999978813777
225 0.9999999969900784
226 0.9999999946025181
227 0.9999999869387511
228 0.9999999558920909
229 0.999999798986859
230 0.9999981915655566
231 0.9997485763188563
232 0.9501850170806821
233 0.6342041951224703
234 0.31451836424346347
235 0.060202783732342016
236 -0.1786756719634019
237 -0.4072748270877031
238 -0.627938642032241
239 -0.852157781393746
240 -0.9851120128385987
241 -0.9998220108393293
242 -0.9999987895221858
243 -0.9999999610947301
244 -0.9999999940238066
245 -0.9999999978103212
246 -0.9999999987578987
247 -0.9999999991125175
248 -0.999999999280912
249 -0.9999999993739709
250 -0.9999999994287315
251 -0.9999999994597649
252 -0.9999999994741593
253 -0.99999999947603
254 -0.9999999994680047
255 -0.9999999994518592
256 -0.9999999994288556
257 -0.9999999993999364
258 -0.9999999993658462
259 -0.999999999327231
260 -0.9999999992847602
261 -0.999999999239292
262 -0.9999999991920843
263 -0.9999999991450019
264 -0.9999999991005777
265 -0.9999999990616546
266 -0.9999999990302786
267 -0.9999999990061373
268 -0.9999999989868519
269 -0.9999999989739262
270 -0.9999999989817658
271 -0.9999999990319635
272 -0.9999999991246986
273 -0.9999999992287878
274 -0.9999999993134778
275 -0.9999999993704705
276 -0.9999999994046267
277 -0.9999999994209442
278 -0.999999999421107
279 -0.9999999994045917
280 -0.999999999369776
281 -0.9999999993146249
282 -0.9999999992376312
283 -0.9999999991392761
284 -0.9999999990234457
285 -0.99999999889725
286 -0.9999999987677233
287 -0.9999999986362534
288 -0.9999999984946076
289 -0.9999999983261901
290 -0.999999998113183
291 -0.9999999978490585
292 -0.9999999975549757
293 -0.9999999972886122
294 -0.9999999971198497
295 -0.9999999970692134
296 -0.9999999970654678
297 -0.999999996964726
298 -0.9999999965695705
299 -0.9999999955509574
300 -0.9999999931713058
301 -0.9999999874675307
302 -0.9999999722760872
303 -0.9999999240833812
304 -0.9999997309415394
305 -0.9999979401855951
306 -0.9997146039165042
307 -0.9474746187880815
308 -0.6329069442345309
309 -0.3147756087988691
310 -0.0594345250583832
311 0.17870194760755004
312 0.40575961442805153
313 0.627344565525167
314 0.855309278601949
315 0.9865024891103893
316 0.9998515238117874
317 0.9999989573859044
318 0.9999999628312862
319 0.9999999937514846
320 0.9999999975546031
321 0.9999999985413615
322 0.9999999989149552
323 0.9999999990917742
324 0.9999999991893103
325 0.9999999992475538
326 0.9999999992821319
327 0.9999999993004618
328 0.9999999993067027
329 0.9999999993033426
330 0.9999999992918509
331 0.9999999992730276
332 0.9999999992472257
333 0.9999999992145154
334 0.9999999991748436
335 0.9999999991282232
336 0.9999999990749883
337 0.9999999990161101
338 0.9999999989535366
339 0.9999999988903839
340 0.9999999988306262
341 0.9999999987778082
342 0.9999999987330099
343 0.9999999986948498
344 0.999999998666484
345 0.9999999986668383
346 0.999999998723788
347 0.9999999988382191
348 0.9999999989707389
349 0.9999999990816235
350 0.9999999991597526
351 0.9999999992115306
352 0.9999999992442558
353 0.9999999992615772
354 0.9999999992648685
355 0.9999999992545837
356 0.9999999992308862
357 0.9999999991942118
358 0.9999999991460227
359 0.9999999990894568
360 0.9999999990291105
361 0.9999999989692684
362 0.9999999989111094
363 0.9999999988508975
364 0.9999999987809391
365 0.9999999986933777
366 0.9999999985861215
367 0.9999999984699044
368 0.9999999983714591
369 0.9999999983218406
370 0.9999999983288471
371 0.9999999983599078
372 0.9999999983543173
373 0.999999998235792
374 0.9999999978813761
375 0.9999999969900757
376 0.9999999946025118
377 0.9999999869387286
378 0.9999999558919814
379 0.9999997989861293
380 0.9999981915502743
381 0.9997485713584408
382 0.9501843901643636
383 0.63420255702173
384 0.31451697188717587
385 0.060201652564273164
386 -0.17867662546480395
387 -0.40727575372513974
388 -0.6279398588143423
389 -0.8521591986455728
390 -0.9851123880111805
391 -0.9998220180504255
392 -0.9999987895653364
393 -0.9999999610955277
394 -0.9999999940238642
395 -0.9999999978103301
396 -0.9999999987579007
397 -0.999999999112518
398 -0.9999999992809121
399 -0.999999999373971
400 -0.9999999994287315
401 -0.9999999994597649
402 -0.9999999994741594
403 -0.99999999947603
404 -0.9999999994680047
405 -0.9999999994518592
406 -0.9999999994288556
407 -0.9999999993999366
408 -0.9999999993658462
409 -0.999999999327231
410 -0.9999999992847604
411 -0.999999999239292
412 -0.9999999991920844
413 -0.9999999991450019
414 -0.9999999991005778
415 -0.9999999990616546
416 -0.9999999990302786
417 -0.9999999990061375
418 -0.999999998986852
419 -0.9999999989739264
420 -0.9999999989817661
421 -0.9999999990319638
422 -0.9999999991246987
423 -0.9999999992287879
424 -0.9999999993134779
425 -0.9999999993704705
426 -0.9999999994046267
427 -0.9999999994209442
428 -0.999999999421107
429 -0.9999999994045917
430 -0.999999999369776
431 -0.9999999993146249
432 -0.9999999992376312
433 -0.9999999991392761
434 -0.9999999990234457
435 -0.99999999889725
436 -0.9999999987677233
437 -0.9999999986362534
438 -0.9999999984946076
439 -0.9999999983261901
440 -0.999999998113183
441 -0.9999999978490585
442 -0.9999999975549758
443 -0.9999999972886122
444 -0.9999999971198497
445 -0.9999999970692134
446 -0.9999999970654678
447 -0.999999996964726
448 -0.9999999965695705
449 -0.9999999955509574
450 -0.999999993171306
451 -0.9999999874675308
452 -0.9999999722760875
453 -0.9999999240833827
454 -0.9999997309415473
455 -0.9999979401857502
456 -0.9997146039668763
457 -0.947474624567959
458 -0.6329069589272007
459 -0.31477562179117025
460 -0.05943453600362226
461 0.1787019381664455
462 0.4057596052306283
463 0.6273445537428657
464 0.8553092654803759
465 0.9865024859579957
466 0.9998515237575096
467 0.9999989573855778
468 0.9999999628312796
469 0.9999999937514842
470 0.9999999975546029
471 0.9999999985413615
472 0.9999999989149552
473 0.9999999990917742
474 0.9999999991893103
475 0.9999999992475538
476 0.9999999992821319
477 0.9999999993004618
478 0.9999999993067027
479 0.9999999993033426
480 0.9999999992918509
481 0.9999999992730276
482 0.9999999992472257
483 0.9999999992145154
484 0.9999999991748436
485 0.9999999991282232
486 0.9999999990749883
487 0.9999999990161101
488 0.9999999989535366
489 0.9999999988903839
490 0.9999999988306262
491 0.9999999987778082
492 0.9999999987330099
493 0.9999999986948498
494 0.999999998666484
495 0.9999999986668383
496 0.999999998723788
497 0.9999999988382191
498 0.9999999989707389
499 0.9999999990816235
500 0.9999999991597526
501 0.9999999992115306
502 0.9999999992442558
503 0.9999999992615772
504 0.9999999992648685
505 0.9999999992545837
506 0.9999999992308862
507 0.9999999991942118
508 0.9999999991460227
509 0.9999999990894568
510 0.9999999990291105
511 0.9999999989692684
512 0.9999999989111094
513 0.9999999988508975
514 0.9999999987809391
515 0.9999999986933777
516 0.9999999985861215
517 0.9999999984699044
518 0.9999999983714591
519 0.9999999983218406
520 0.9999999983288471
521 0.9999999983599078
522 0.9999999983543173
523 0.999999998235792
524 0.9999999978813761
525 0.9999999969900757
526 0.9999999946025118
527 0.9999999869387286
528 0.9999999558919814
529 0.9999997989861293
530 0.9999981915502731
531 0.9997485713580478
532 0.9501843901146899
533 0.6342025568919389
534 0.31451697177685184
535 0.06020165247464889
536 -0.17867662554035404
537 -0.40727575379856074
538 -0.6279398589107524
539 -0.8521591987578673
540 -0.9851123880409067
541 -0.9998220180509968
542 -0.9999987895653398
543 -0.9999999610955277
544 -0.9999999940238643
545 -0.9999999978103301
546 -0.9999999987579007
547 -0.999999999112518
548 -0.9999999992809121
549 -0.999999999373971
550 -0.9999999994287315
551 -0.9999999994597649
552 -0.9999999994741594
553 -0.99999999947603
554 -0.9999999994680047
555 -0.9999999994518592
556 -0.9999999994288556
557 -0.9999999993999366
558 -0.9999999993658462
559 -0.999999999327231
560 -0.9999999992847604
561 -0.999999999239292
562 -0.9999999991920844
563 -0.9999999991450019
564 -0.9999999991005778
565 -0.9999999990616546
566 -0.9999999990302786
567 -0.9999999990061375
568 -0.999999998986852
569 -0.9999999989739264
570 -0.9999999989817661
571 -0.9999999990319638
572 -0.9999999991246987
573 -0.9999999992287879
574 -0.9999999993134779
575 -0.9999999993704705
576 -0.9999999994046267
577 -0.9999999994209442
578 -0.999999999421107
579 -0.9999999994045917
580 -0.999999999369776
581 -0.9999999993146249
582 -0.9999999992376312
583 -0.9999999991392761
584 -0.9999999990234457
585 -0.99999999889725
586 -0.9999999987677233
587 -0.9999999986362534
588 -0.9999999984946076
589 -0.9999999983261901
590 -0.999999998113183
591 -0.9999999978490585
592 -0.9999999975549758
593 -0.9999999972886122
594 -0.9999999971198497
595 -0.9999999970692134
596 -0.9999999970654678
597 -0.999999996964726
598 -0.9999999965695705
599 -0.9999999955509574
600 -0.999999993171306
601 -0.9999999874675308
602 -0.9999999722760875
603 -0.9999999240833827
604 -0.9999997309415473
605 -0.9999979401857502
606 -0.9997146039668803
607 -0.9474746245684186
608 -0.6329069589283669
609 -0.31477562179220225
610 -0.059434536004492076
611 0.17870193816569516
612 0.4057596052298976
613 0.6273445537419301
614 0.8553092654793348
615 0.9865024859577457
616 0.9998515237575054
617 0.9999989573855778
618 0.9999999628312796
619 0.9999999937514842
620 0.9999999975546029
621 0.9999999985413615
622 0.9999999989149552
623 0.9999999990917742
624 0.9999999991893103
625 0.9999999992475538
626 0.9999999992821319
627 0.9999999993004618
628 0.9999999993067027
629 0.9999999993033426
630 0.9999999992918509
631 0.9999999992730276
632 0.9999999992472257
633 0.9999999992145154
634 0.9999999991748436
635 0.9999999991282232
636 0.9999999990749883
637 0.9999999990161101
638 0.9999999989535366
639 0.9999999988903839
640 0.9999999988306262
641 0.9999999987778082
642 0.9999999987330099
643 0.9999999986948498
644 0.999999998666484
645 0.9999999986668383
646 0.999999998723788
647 0.9999999988382191
648 0.9999999989707389
649 0.9999999990816235
650 0.9999999991597526
651 0.9999999992115306
652 0.9999999992442558
653 0.9999999992615772
654 0.9999999992648685
655 0.9999999992545837
656 0.9999999992308862
657 0.9999999991942118
658 0.9999999991460227
659 0.9999999990894568
660 0.9999999990291105
661 0.9999999989692684
662 0.9999999989111094
663 0.9999999988508975
664 0.9999999987809391
665 0.9999999986933777
666 0.9999999985861215
667 0.9999999984699044
668 0.9999999983714591
669 0.9999999983218406
670 0.9999999983288471
671 0.9999999983599078
672 0.9999999983543173
673 0.999999998235792
674 0.9999999978813761
675 0.9999999969900757
676 0.9999999946025118
677 0.9999999869387286
678 0.9999999558919814
679 0.9999997989861293
680 0.9999981915502731
681 0.9997485713580478
682 0.9501843901146895
683 0.6342025568919377
684 0.31451697177681465
685 0.06020165247466349
686 -0.17867662554036223
687 -0.40727575379856645
688 -0.627939858910762
689 -0.8521591987578775
690 -0.9851123880409091
691 -0.9998220180509968
692 -0.9999987895653398
693 -0.9999999610955277
694 -0.9999999940238643
695 -0.9999999978103301
696 -0.9999999987579007
697 -0.999999999112518
698 -0.9999999992809121
699 -0.999999999373971
700 -0.9999999994287315
701 -0.9999999994597649
702 -0.9999999994741594
703 -0.99999999947603
704 -0.9999999994680047
705 -0.9999999994518592
706 -0.9999999994288556
707 -0.9999999993999366
708 -0.9999999993658462
709 -0.999999999327231
710 -0.9999999992847604
711 -0.999999999239292
712 -0.9999999991920844
713 -0.9999999991450019
714 -0.9999999991005778
715 -0.9999999990616546
716 -0.9999999990302786
717 -0.9999999990061375
718 -0.999999998986852
719 -0.9999999989739264
720 -0.9999999989817661
721 -0.9999999990319638
722 -0.9999999991246987
723 -0.9999999992287879
724 -0.9999999993134779
725 -0.9999999993704705
726 -0.9999999994046267
727 -0.9999999994209442
728 -0.999999999421107
729 -0.9999999994045917
730 -0.999999999369776
731 -0.9999999993146249
732 -0.9999999992376312
733 -0.9999999991392761
734 -0.9999999990234457
735 -0.99999999889725
736 -0.9999999987677233
737 -0.9999999986362534
738 -0.9999999984946076
739 -0.9999999983261901
740 -0.999999998113183
741 -0.9999999978490585
742 -0.9999999975549758
743 -0.9999999972886122
744 -0.9999999971198497
745 -0.9999999970692134
746 -0.9999999970654678
747 -0.999999996964726
748 -0.9999999965695705
749 -0.9999999955509574
750 -0.999999993171306
751 -0.9999999874675308
752 -0.9999999722760875
753 -0.9999999240833827
754 -0.9999997309415473
755 -0.9999979401857502
756 -0.9997146039668803
757 -0.9474746245684162
758 -0.6329069589283822
759 -0.31477562179219737
760 -0.05943453600449984
761 0.17870193816569516
762 0.40575960522989357
763 0.6273445537419265
764 0.8553092654793298
765 0.9865024859577448
766 0.9998515237575054
767 0.9999989573855778
768 0.9999999628312796
769 0.9999999937514842
770 0.9999999975546029
771 0.9999999985413615
772 0.9999999989149552
773 0.9999999990917742
774 0.9999999991893103
775 0.9999999992475538
776 0.9999999992821319
777 0.9999999993004618
778 0.9999999993067027
779 0.9999999993033426
780 0.9999999992918509
781 0.9999999992730276
782 0.9999999992472257
783 0.9999999992145154
784 0.9999999991748436
785 0.9999999991282232
786 0.9999999990749883
787 0.9999999990161101
788 0.9999999989535366
789 0.9999999988903839
790 0.9999999988306262
791 0.9999999987778082
792 0.9999999987330099
793 0.9999999986948498
794 0.999999998666484
795 0.9999999986668383
796 0.999999998723788
797 0.9999999988382191
798 0.9999999989707389
799 0.9999999990816235
800 0.9999999991597526
801 0.9999999992115306
802 0.9999999992442558
803 0.9999999992615772
804 0.9999999992648685
805 0.9999999992545837
806 0.9999999992308862
807 0.9999999991942118
808 0.9999999991460227
809 0.9999999990894568
810 0.9999999990291105
811 0.9999999989692684
812 0.9999999989111094
813 0.9999999988508975
814 0.9999999987809391
815 0.9999999986933777
816 0.9999999985861215
817 0.9999999984699044
818 0.9999999983714591
819 0.9999999983218406
820 0.9999999983288471
821 0.9999999983599078
822 0.9999999983543173
823 0.999999998235792
824 0.9999999978813761
825 0.9999999969900757
826 0.9999999946025118
827 0.9999999869387286
828 0.9999999558919814
829 0.9999997989861293
830 0.9999981915502731
831 0.9997485713580478
832 0.9501843901146824
833 0.6342025568919422
834 0.3145169717768093
835 0.06020165247467634
836 -0.17867662554036523
837 -0.40727575379856223
838 -0.6279398589107594
839 -0.8521591987578746
840 -0.985112388040909
841 -0.9998220180509968
842 -0.9999987895653398
843 -0.9999999610955277
844 -0.9999999940238643
845 -0.9999999978103301
846 -0.9999999987579007
847 -0.999999999112518
848 -0.9999999992809121
849 -0.999999999373971
850 -0.9999999994287315
851 -0.9999999994597649
852 -0.9999999994741594
853 -0.99999999947603
854 -0.9999999994680047
855 -0.9999999994518592
856 -0.9999999994288556
857 -0.9999999993999366
858 -0.9999999993658462
859 -0.999999999327231
860 -0.9999999992847604
861 -0.999999999239292
862 -0.9999999991920844
863 -0.9999999991450019
864 -0.9999999991005778
865 -0.9999999990616546
866 -0.9999999990302786
867 -0.9999999990061375
868 -0.999999998986852
869 -0.9999999989739264
870 -0.9999999989817661
871 -0.9999999990319638
872 -0.9999999991246987
873 -0.9999999992287879
874 -0.9999999993134779
875 -0.9999999993704705
876 -0.9999999994046267
877 -0.9999999994209442
878 -0.999999999421107
879 -0.9999999994045917
880 -0.999999999369776
881 -0.9999999993146249
882 -0.9999999992376312
883 -0.9999999991392761
884 -0.9999999990234457
885 -0.99999999889725
886 -0.9999999987677233
887 -0.9999999986362534
888 -0.9999999984946076
889 -0.9999999983261901
890 -0.999999998113183
891 -0.9999999978490585
892 -0.9999999975549758
893 -0.9999999972886122
894 -0.9999999971198497
895 -0.9999999970692134
896 -0.9999999970654678
897 -0.999999996964726
898 -0.9999999965695705
899 -0.9999999955509574
900 -0.999999993171306
901 -0.9999999874675308
902 -0.9999999722760875
903 -0.9999999240833827
904 -0.9999997309415473
905 -0.9999979401857502
906 -0.9997146039668804
907 -0.9474746245684154
908 -0.6329069589283471
909 -0.31477562179220386
910 -0.05943453600448128
911 0.17870193816569277
912 0.4057596052299
913 0.6273445537419304
914 0.8553092654793352
915 0.9865024859577464
916 0.9998515237575054
917 0.9999989573855778
918 0.9999999628312796
919 0.9999999937514842
920 0.9999999975546029
921 0.9999999985413615
922 0.9999999989149552
923 0.9999999990917742
924 0.9999999991893103
925 0.9999999992475538
926 0.9999999992821319
927 0.9999999993004618
928 0.9999999993067027
929 0.9999999993033426
930 0.9999999992918509
931 0.9999999992730276
932 0.9999999992472257
933 0.9999999992145154
934 0.9999999991748436
935 0.9999999991282232
936 0.9999999990749883
937 0.9999999990161101
938 0.9999999989535366
939 0.9999999988903839
940 0.9999999988306262
941 0.9999999987778082
942 0.9999999987330099
943 0.9999999986948498
944 0.999999998666484
945 0.9999999986668383
946 0.999999998723788
947 0.9999999988382191
948 0.9999999989707389
949 0.9999999990816235
950 0.9999999991597526
951 0.9999999992115306
952 0.9999999992442558
953 0.9999999992615772
954 0.9999999992648685
955 0.9999999992545837
956 0.9999999992308862
957 0.9999999991942118
958 0.9999999991460227
959 0.9999999990894568
960 0.9999999990291105
961 0.9999999989692684
962 0.9999999989111094
963 0.9999999988508975
964 0.9999999987809391
965 0.9999999986933777
966 0.9999999985861215
967 0.9999999984699044
968 0.9999999983714591
969 0.9999999983218406
970 0.9999999983288471
971 0.9999999983599078
972 0.9999999983543173
973 0.999999998235792
974 0.9999999978813761
975 0.9999999969900757
976 0.9999999946025118
977 0.9999999869387286
978 0.9999999558919814
979 0.9999997989861293
980 0.9999981915502731
981 0.9997485713580478
982 0.9501843901146937
983 0.6342025568919031
984 0.3145169717768303
985 0.060201652474658
986 -0.17867662554035835
987 -0.4072757537985682
988 -0.627939858910762
989 -0.8521591987578784
990 -0.9851123880409103
991 -0.9998220180509969
992 -0.9999987895653398
993 -0.9999999610955277
994 -0.9999999940238643
995 -0.9999999978103301
996 -0.9999999987579007
997 -0.999999999112518
998 -0.9999999992809121
999 -0.999999999373971
1000 -0.9999999994287315
1001 -0.9999999994597649
1002 -0.9999999994741594
1003 -0.99999999947603
1004 -0.9999999994680047
1005 -0.9999999994518592
1006 -0.9999999994288556
1007 -0.9999999993999366
1008 -0.9999999993658462
1009 -0.999999999327231
1010 -0.9999999992847604
1011 -0.999999999239292
1012 -0.9999999991920844
1013 -0.9999999991450019
1014 -0.9999999991005778
1015 -0.9999999990616546
1016 -0.9999999990302786
1017 -0.9999999990061375
1018 -0.999999998986852
1019 -0.9999999989739264
1020 -0.9999999989817661
1021 -0.9999999990319638
1022 -0.9999999991246987
1023 -0.9999999992287879
1024 -0.9999999993134779
1025 -0.9999999993704705
1026 -0.9999999994046267
1027 -0.9999999994209442
1028 -0.999999999421107
1029 -0.9999999994045917
1030 -0.999999999369776
1031 -0.9999999993146249
1032 -0.9999999992376312
1033 -0.9999999991392761
1034 -0.9999999990234457
1035 -0.99999999889725
1036 -0.9999999987677233
1037 -0.9999999986362534
1038 -0.9999999984946076
1039 -0.9999999983261901
1040 -0.999999998113183
1041 -0.9999999978490585
1042 -0.9999999975549758
1043 -0.9999999972886122
1044 -0.9999999971198497
1045 -0.9999999970692134
1046 -0.9999999970654678
1047 -0.999999996964726
1048 -0.9999999965695705
1049 -0.9999999955509574
1050 -0.999999993171306
1051 -0.9999999874675308
1052 -0.9999999722760875
1053 -0.9999999240833827
1054 -0.9999997309415473
1055 -0.9999979401857502
1056 -0.9997146039668804
1057 -0.9474746245684157
1058 -0.6329069589283493
1059 -0.31477562179220364
1060 -0.05943453600448373
1061 0.17870193816569171
1062 0.405759605229899
1063 0.6273445537419292
1064 0.8553092654793342
1065 0.986502485957746
1066 0.9998515237575054
1067 0.9999989573855778
1068 0.9999999628312796
1069 0.9999999937514842
1070 0.9999999975546029
1071 0.9999999985413615
1072 0.9999999989149552
1073 0.9999999990917742
1074 0.9999999991893103
1075 0.9999999992475538
1076 0.9999999992821319
1077 0.9999999993004618
1078 0.9999999993067027
1079 0.9999999993033426
1080 0.9999999992918509
1081 0.9999999992730276
1082 0.9999999992472257
1083 0.9999999992145154
1084 0.9999999991748436
1085 0.9999999991282232
1086 0.9999999990749883
1087 0.9999999990161101
1088 0.9999999989535366
1089 0.9999999988903839
1090 0.9999999988306262
1091 0.9999999987778082
1092 0.9999999987330099
1093 0.9999999986948498
1094 0.999999998666484
1095 0.9999999986668383
1096 0.999999998723788
1097 0.9999999988382191
1098 0.9999999989707389
1099 0.9999999990816235
1100 0.9999999991597526
1101 0.9999999992115306
1102 0.9999999992442558
1103 0.9999999992615772
1104 0.9999999992648685
1105 0.9999999992545837
1106 0.9999999992308862
1107 0.9999999991942118
1108 0.9999999991460227
1109 0.9999999990894568
1110 0.9999999990291105
1111 0.9999999989692684
1112 0.9999999989111094
1113 0.9999999988508975
1114 0.9999999987809391
1115 0.9999999986933777
1116 0.9999999985861215
1117 0.9999999984699044
1118 0.9999999983714591
1119 0.9999999983218406
1120 0.9999999983288471
1121 0.9999999983599078
1122 0.9999999983543173
1123 0.999999998235792
1124 0.9999999978813761
1125 0.9999999969900757
1126 0.9999999946025118
1127 0.9999999869387286
1128 0.9999999558919814
1129 0.9999997989861293
1130 0.9999981915502731
1131 0.9997485713580478
1132 0.9501843901146946
1133 0.6342025568919053
1134 0.31451697177683224
1135 0.06020165247465844
1136 -0.17867662554035685
1137 -0.40727575379856723
1138 -0.6279398589107605
1139 -0.8521591987578775
1140 -0.9851123880409101
1141 -0.9998220180509968
1142 -0.9999987895653398
1143 -0.9999999610955277
1144 -0.9999999940238643
1145 -0.9999999978103301
1146 -0.9999999987579007
1147 -0.999999999112518
1148 -0.9999999992809121
1149 -0.999999999373971
1150 -0.9999999994287315
1151 -0.9999999994597649
1152 -0.9999999994741594
1153 -0.99999999947603
1154 -0.9999999994680047
1155 -0.9999999994518592
1156 -0.9999999994288556
1157 -0.9999999993999366
1158 -0.9999999993658462
1159 -0.999999999327231
1160 -0.9999999992847604
1161 -0.999999999239292
1162 -0.9999999991920844
1163 -0.9999999991450019
1164 -0.9999999991005778
1165 -0.9999999990616546
1166 -0.9999999990302786
1167 -0.9999999990061375
1168 -0.999999998986852
1169 -0.9999999989739264
1170 -0.9999999989817661
1171 -0.9999999990319638
1172 -0.9999999991246987
1173 -0.9999999992287879
1174 -0.9999999993134779
1175 -0.9999999993704705
1176 -0.9999999994046267
1177 -0.9999999994209442
1178 -0.999999999421107
1179 -0.9999999994045917
1180 -0.999999999369776
1181 -0.9999999993146249
1182 -0.9999999992376312
1183 -0.9999999991392761
1184 -0.9999999990234457
1185 -0.99999999889725
1186 -0.9999999987677233
1187 -0.9999999986362534
1188 -0.9999999984946076
1189 -0.9999999983261901
1190 -0.999999998113183
1191 -0.9999999978490585
1192 -0.9999999975549758
1193 -0.9999999972886122
1194 -0.9999999971198497
1195 -0.9999999970692134
1196 -0.9999999970654678
1197 -0.999999996964726
1198 -0.9999999965695705
1199 -0.9999999955509574
1200 -0.999999993171306
1201 -0.9999999874675308
1202 -0.9999999722760875
1203 -0.9999999240833827
1204 -0.9999997309415473
1205 -0.9999979401857502
1206 -0.9997146039668804
1207 -0.9474746245684174
1208 -0.6329069589283504
1209 -0.3147756217922076
1210 -0.05943453600448442
1211 0.17870193816568883
1212 0.4057596052298976
1213 0.6273445537419275
1214 0.8553092654793326
1215 0.9865024859577457
1216 0.9998515237575054
1217 0.9999989573855778
1218 0.9999999628312796
1219 0.9999999937514842
1220 0.9999999975546029
1221 0.9999999985413615
1222 0.9999999989149552
1223 0.9999999990917742
1224 0.9999999991893103
1225 0.9999999992475538
1226 0.9999999992821319
1227 0.9999999993004618
1228 0.9999999993067027
1229 0.9999999993033426
1230 0.9999999992918509
1231 0.9999999992730276
1232 0.9999999992472257
1233 0.9999999992145154
1234 0.9999999991748436
1235 0.9999999991282232
1236 0.9999999990749883
1237 0.9999999990161101
1238 0.9999999989535366
1239 0.9999999988903839
1240 0.9999999988306262
1241 0.9999999987778082
1242 0.9999999987330099
1243 0.9999999986948498
1244 0.999999998666484
1245 0.9999999986668383
1246 0.999999998723788
1247 0.9999999988382191
1248 0.9999999989707389
1249 0.9999999990816235
1250 0.9999999991597526
1251 0.9999999992115306
1252 0.9999999992442558
1253 0.9999999992615772
1254 0.9999999992648685
1255 0.9999999992545837
1256 0.9999999992308862
1257 0.9999999991942118
1258 0.9999999991460227
1259 0.9999999990894568
1260 0.9999999990291105
1261 0.9999999989692684
1262 0.9999999989111094
1263 0.9999999988508975
1264 0.9999999987809391
1265 0.9999999986933777
1266 0.9999999985861215
1267 0.9999999984699044
1268 0.9999999983714591
1269 0.9999999983218406
1270 0.9999999983288471
1271 0.9999999983599078
1272 0.9999999983543173
1273 0.999999998235792
1274 0.9999999978813761
1275 0.9999999969900757
1276 0.9999999946025118
1277 0.9999999869387286
1278 0.9999999558919814
1279 0.9999997989861293
1280 0.9999981915502731
1281 0.9997485713580478
1282 0.9501843901146959
1283 0.6342025568919079
1284 0.3145169717768334
1285 0.060201652474661305
1286 -0.1786766255403566
1287 -0.40727575379856534
1288 -0.6279398589107589
1289 -0.8521591987578756
1290 -0.9851123880409096
1291 -0.9998220180509968
1292 -0.9999987895653398
1293 -0.9999999610955277
1294 -0.9999999940238643
1295 -0.9999999978103301
1296 -0.9999999987579007
1297 -0.999999999112518
1298 -0.9999999992809121
1299 -0.999999999373971
1300 -0.9999999994287315
1301 -0.9999999994597649
1302 -0.9999999994741594
1303 -0.99999999947603
1304 -0.9999999994680047
1305 -0.9999999994518592
1306 -0.9999999994288556
1307 -0.9999999993999366
1308 -0.9999999993658462
1309 -0.999999999327231
1310 -0.9999999992847604
1311 -0.999999999239292
1312 -0.9999999991920844
1313 -0.9999999991450019
1314 -0.9999999991005778
1315 -0.9999999990616546
1316 -0.9999999990302786
1317 -0.9999999990061375
1318 -0.999999998986852
1319 -0.9999999989739264
1320 -0.9999999989817661
1321 -0.9999999990319638
1322 -0.9999999991246987
1323 -0.9999999992287879
1324 -0.9999999993134779
1325 -0.9999999993704705
1326 -0.9999999994046267
1327 -0.9999999994209442
1328 -0.999999999421107
1329 -0.9999999994045917
1330 -0.999999999369776
1331 -0.9999999993146249
1332 -0.9999999992376312
1333 -0.9999999991392761
1334 -0.9999999990234457
1335 -0.99999999889725
1336 -0.9999999987677233
1337 -0.9999999986362534
1338 -0.9999999984946076
1339 -0.9999999983261901
1340 -0.999999998113183
1341 -0.9999999978490585
1342 -0.9999999975549758
1343 -0.9999999972886122
1344 -0.9999999971198497
1345 -0.9999999970692134
1346 -0.9999999970654678
1347 -0.999999996964726
1348 -0.9999999965695705
1349 -0.9999999955509574
1350 -0.999999993171306
1351 -0.9999999874675308
1352 -0.9999999722760875
1353 -0.9999999240833827
1354 -0.9999997309415473
1355 -0.9999979401857502
1356 -0.9997146039668802
1357 -0.9474746245684341
1358 -0.6329069589283283
1359 -0.3147756217922128
1360 -0.05943453600452066
1361 0.1787019381656984
1362 0.4057596052298944
1363 0.627344553741923
1364 0.8553092654793265
1365 0.9865024859577456
1366 0.9998515237575054
1367 0.9999989573855778
1368 0.9999999628312796
1369 0.9999999937514842
1370 0.9999999975546029
1371 0.9999999985413615
1372 0.9999999989149552
1373 0.9999999990917742
1374 0.9999999991893103
1375 0.9999999992475538
1376 0.9999999992821319
1377 0.9999999993004618
1378 0.9999999993067027
1379 0.9999999993033426
1380 0.9999999992918509
1381 0.9999999992730276
1382 0.9999999992472257
1383 0.9999999992145154
1384 0.9999999991748436
1385 0.9999999991282232
1386 0.9999999990749883
1387 0.9999999990161101
1388 0.9999999989535366
1389 0.9999999988903839
1390 0.9999999988306262
1391 0.9999999987778082
1392 0.9999999987330099
1393 0.9999999986948498
1394 0.999999998666484
1395 0.9999999986668383
1396 0.999999998723788
1397 0.9999999988382191
1398 0.9999999989707389
1399 0.9999999990816235
1400 0.9999999991597526
1401 0.9999999992115306
1402 0.9999999992442558
1403 0.9999999992615772
1404 0.9999999992648685
1405 0.9999999992545837
1406 0.9999999992308862
1407 0.9999999991942118
1408 0.9999999991460227
1409 0.9999999990894568
1410 0.9999999990291105
1411 0.9999999989692684
1412 0.9999999989111094
1413 0.9999999988508975
1414 0.9999999987809391
1415 0.9999999986933777
1416 0.9999999985861215
1417 0.9999999984699044
1418 0.9999999983714591
1419 0.9999999983218406
1420 0.9999999983288471
1421 0.9999999983599078
1422 0.9999999983543173
1423 0.999999998235792
1424 0.9999999978813761
1425 0.9999999969900757
1426 0.9999999946025118
1427 0.9999999869387286
1428 0.9999999558919814
1429 0.9999997989861293
1430 0.9999981915502731
1431 0.9997485713580477
1432 0.9501843901147042
1433 0.6342025568918956
1434 0.31451697177687293
1435 0.06020165247462836
1436 -0.1786766255403566
1437 -0.4072757537985598
1438 -0.6279398589107573
1439 -0.8521591987578726
1440 -0.9851123880409103
1441 -0.9998220180509968
1442 -0.9999987895653398
1443 -0.9999999610955277
1444 -0.9999999940238643
1445 -0.9999999978103301
1446 -0.9999999987579007
1447 -0.999999999112518
1448 -0.9999999992809121
1449 -0.999999999373971
1450 -0.9999999994287315
1451 -0.9999999994597649
1452 -0.9999999994741594
1453 -0.99999999947603
1454 -0.9999999994680047
1455 -0.9999999994518592
1456 -0.9999999994288556
1457 -0.9999999993999366
1458 -0.9999999993658462
1459 -0.999999999327231
1460 -0.9999999992847604
1461 -0.999999999239292
1462 -0.9999999991920844
1463 -0.9999999991450019
1464 -0.9999999991005778
1465 -0.9999999990616546
1466 -0.9999999990302786
1467 -0.9999999990061375
1468 -0.999999998986852
1469 -0.9999999989739264
1470 -0.9999999989817661
1471 -0.9999999990319638
1472 -0.9999999991246987
1473 -0.9999999992287879
1474 -0.9999999993134779
1475 -0.9999999993704705
1476 -0.9999999994046267
1477 -0.9999999994209442
1478 -0.999999999421107
1479 -0.9999999994045917
1480 -0.999999999369776
1481 -0.9999999993146249
1482 -0.9999999992376312
1483 -0.9999999991392761
1484 -0.9999999990234457
1485 -0.99999999889725
1486 -0.9999999987677233
1487 -0.9999999986362534
1488 -0.9999999984946076
1489 -0.9999999983261901
1490 -0.999999998113183
1491 -0.9999999978490585
1492 -0.9999999975549758
1493 -0.9999999972886122
1494 -0.9999999971198497
1495 -0.9999999970692134
1496 -0.9999999970654678
1497 -0.999999996964726
1498 -0.9999999965695705
1499 -0.9999999955509574
1500 -0.999999993171306
1501 -0.9999999874675308
1502 -0.9999999722760875
1503 -0.9999999240833827
1504 -0.9999997309415473
1505 -0.9999979401857502
1506 -0.9997146039668805
1507 -0.9474746245684156
1508 -0.632906958928385
1509 -0.31477562179220775
1510 -0.05943453600450318
1511 0.17870193816566926
1512 0.40575960522988674
1513 0.6273445537419188
1514 0.8553092654793245
1515 0.9865024859577429
1516 0.9998515237575054
1517 0.9999989573855778
1518 0.9999999628312796
1519 0.9999999937514842
1520 0.9999999975546029
1521 0.9999999985413615
1522 0.9999999989149552
1523 0.9999999990917742
1524 0.9999999991893103
1525 0.9999999992475538
1526 0.9999999992821319
1527 0.9999999993004618
1528 0.9999999993067027
1529 0.9999999993033426
1530 0.9999999992918509
1531 0.9999999992730276
1532 0.9999999992472257
1533 0.9999999992145154
1534 0.9999999991748436
1535 0.9999999991282232
1536 0.9999999990749883
1537 0.9999999990161101
1538 0.9999999989535366
1539 0.9999999988903839
1540 0.9999999988306262
1541 0.9999999987778082
1542 0.9999999987330099
1543 0.9999999986948498
1544 0.999999998666484
1545 0.9999999986668383
1546 0.999999998723788
1547 0.9999999988382191
1548 0.9999999989707389
1549 0.9999999990816235
1550 0.9999999991597526
1551 0.9999999992115306
1552 0.9999999992442558
1553 0.9999999992615772
1554 0.9999999992648685
1555 0.9999999992545837
1556 0.9999999992308862
1557 0.9999999991942118
1558 0.9999999991460227
1559 0.9999999990894568
1560 0.9999999990291105
1561 0.9999999989692684
1562 0.9999999989111094
1563 0.9999999988508975
1564 0.9999999987809391
1565 0.9999999986933777
1566 0.9999999985861215
1567 0.9999999984699044
1568 0.9999999983714591
1569 0.9999999983218406
1570 0.9999999983288471
1571 0.9999999983599078
1572 0.9999999983543173
1573 0.999999998235792
1574 0.9999999978813761
1575 0.9999999969900757
1576 0.9999999946025118
1577 0.9999999869387286
1578 0.9999999558919814
1579 0.9999997989861293
1580 0.9999981915502731
1581 0.9997485713580478
1582 0.9501843901146884
1583 0.6342025568919624
1584 0.31451697177684496
1585 0.060201652474639586
1586 -0.17867662554031533
1587 -0.40727575379856534
1588 -0.6279398589107477
1589 -0.8521591987578644
1590 -0.9851123880409037
1591 -0.9998220180509968
1592 -0.9999987895653397
1593 -0.9999999610955277
1594 -0.9999999940238643
1595 -0.9999999978103301
1596 -0.9999999987579007
1597 -0.999999999112518
1598 -0.9999999992809121
1599 -0.999999999373971
1600 -0.9999999994287315
1601 -0.9999999994597649
1602 -0.9999999994741594
1603 -0.99999999947603
1604 -0.9999999994680047
1605 -0.9999999994518592
1606 -0.9999999994288556
1607 -0.9999999993999366
1608 -0.9999999993658462
1609 -0.999999999327231
1610 -0.9999999992847604
1611 -0.999999999239292
1612 -0.9999999991920844
1613 -0.9999999991450019
1614 -0.9999999991005778
1615 -0.9999999990616546
1616 -0.9999999990302786
1617 -0.9999999990061375
1618 -0.999999998986852
1619 -0.9999999989739264
1620 -0.9999999989817661
1621 -0.9999999990319638
1622 -0.9999999991246987
1623 -0.9999999992287879
1624 -0.9999999993134779
1625 -0.9999999993704705
1626 -0.9999999994046267
1627 -0.9999999994209442
1628 -0.999999999421107
1629 -0.9999999994045917
1630 -0.999999999369776
1631 -0.9999999993146249
1632 -0.9999999992376312
1633 -0.9999999991392761
1634 -0.9999999990234457
1635 -0.99999999889725
1636 -0.9999999987677233
1637 -0.9999999986362534
1638 -0.9999999984946076
1639 -0.9999999983261901
1640 -0.999999998113183
1641 -0.9999999978490585
1642 -0.9999999975549758
1643 -0.9999999972886122
1644 -0.9999999971198497
1645 -0.9999999970692134
1646 -0.9999999970654678
1647 -0.999999996964726
1648 -0.9999999965695705
1649 -0.9999999955509574
1650 -0.999999993171306
1651 -0.9999999874675308
1652 -0.9999999722760875
1653 -0.9999999240833827
1654 -0.9999997309415473
1655 -0.9999979401857502
1656 -0.9997146039668802
1657 -0.947474624568466
1658 -0.6329069589283023
1659 -0.3147756217922929
1660 -0.05943453600448923
1661 0.17870193816564542
1662 0.4057596052298944
1663 0.6273445537419067
1664 0.8553092654793077
1665 0.9865024859577403
1666 0.9998515237575052
1667 0.9999989573855778
1668 0.9999999628312796
1669 0.9999999937514842
1670 0.9999999975546029
1671 0.9999999985413615
1672 0.9999999989149552
1673 0.9999999990917742
1674 0.9999999991893103
1675 0.9999999992475538
1676 0.9999999992821319
1677 0.9999999993004618
1678 0.9999999993067027
1679 0.9999999993033426
1680 0.9999999992918509
1681 0.9999999992730276
1682 0.9999999992472257
1683 0.9999999992145154
1684 0.9999999991748436
1685 0.9999999991282232
1686 0.9999999990749883
1687 0.9999999990161101
1688 0.9999999989535366
1689 0.9999999988903839
1690 0.9999999988306262
1691 0.9999999987778082
1692 0.9999999987330099
1693 0.9999999986948498
1694 0.999999998666484
1695 0.9999999986668383
1696 0.999999998723788
1697 0.9999999988382191
1698 0.9999999989707389
1699 0.9999999990816235
1700 0.9999999991597526
1701 0.9999999992115306
1702 0.9999999992442558
1703 0.9999999992615772
1704 0.9999999992648685
1705 0.9999999992545837
1706 0.9999999992308862
1707 0.9999999991942118
1708 0.9999999991460227
1709 0.9999999990894568
1710 0.9999999990291105
1711 0.9999999989692684
1712 0.9999999989111094
1713 0.9999999988508975
1714 0.9999999987809391
1715 0.9999999986933777
1716 0.9999999985861215
1717 0.9999999984699044
1718 0.9999999983714591
1719 0.9999999983218406
1720 0.9999999983288471
1721 0.9999999983599078
1722 0.9999999983543173
1723 0.999999998235792
1724 0.9999999978813761
1725 0.9999999969900757
1726 0.9999999946025118
1727 0.9999999869387286
1728 0.9999999558919814
1729 0.9999997989861293
1730 0.9999981915502731
1731 0.9997485713580477
1732 0.9501843901147283
1733 0.6342025568918829
1734 0.31451697177698845
1735 0.060201652474596225
1736 -0.17867662554028396
1737 -0.40727575379855424
1738 -0.6279398589107195
1739 -0.8521591987578385
1740 -0.9851123880409004
1741 -0.9998220180509967
1742 -0.9999987895653397
1743 -0.9999999610955277
1744 -0.9999999940238643
1745 -0.9999999978103301
1746 -0.9999999987579007
1747 -0.999999999112518
1748 -0.9999999992809121
1749 -0.999999999373971
1750 -0.9999999994287315
1751 -0.9999999994597649
1752 -0.9999999994741594
1753 -0.99999999947603
1754 -0.9999999994680047
1755 -0.9999999994518592
1756 -0.9999999994288556
1757 -0.9999999993999366
1758 -0.9999999993658462
1759 -0.999999999327231
1760 -0.9999999992847604
1761 -0.999999999239292
1762 -0.9999999991920844
1763 -0.9999999991450019
1764 -0.9999999991005778
1765 -0.9999999990616546
1766 -0.9999999990302786
1767 -0.9999999990061375
1768 -0.999999998986852
1769 -0.9999999989739264
1770 -0.9999999989817661
1771 -0.9999999990319638
1772 -0.9999999991246987
1773 -0.9999999992287879
1774 -0.9999999993134779
1775 -0.9999999993704705
1776 -0.9999999994046267
1777 -0.9999999994209442
1778 -0.999999999421107
1779 -0.9999999994045917
1780 -0.999999999369776
1781 -0.9999999993146249
1782 -0.9999999992376312
1783 -0.9999999991392761
1784 -0.9999999990234457
1785 -0.99999999889725
1786 -0.9999999987677233
1787 -0.9999999986362534
1788 -0.9999999984946076
1789 -0.9999999983261901
1790 -0.999999998113183
1791 -0.9999999978490585
1792 -0.9999999975549758
1793 -0.9999999972886122
1794 -0.9999999971198497
1795 -0.9999999970692134
1796 -0.9999999970654678
1797 -0.999999996964726
1798 -0.9999999965695705
1799 -0.9999999955509574
1800 -0.999999993171306
1801 -0.9999999874675308
1802 -0.9999999722760875
1803 -0.9999999240833827
1804 -0.9999997309415473
1805 -0.9999979401857502
1806 -0.9997146039668805
1807 -0.9474746245684398
1808 -0.632906958928379
1809 -0.31477562179231594
1810 -0.0594345360044802
1811 0.1787019381656007
1812 0.40575960522987614
1813 0.627344553741882
1814 0.8553092654792886
1815 0.9865024859577334
1816 0.9998515237575051
1817 0.9999989573855778
1818 0.9999999628312796
1819 0.9999999937514842
1820 0.9999999975546029
1821 0.9999999985413615
1822 0.9999999989149552
1823 0.9999999990917742
1824 0.9999999991893103
1825 0.9999999992475538
1826 0.9999999992821319
1827 0.9999999993004618
1828 0.9999999993067027
1829 0.9999999993033426
1830 0.9999999992918509
1831 0.9999999992730276
1832 0.9999999992472257
1833 0.9999999992145154
1834 0.9999999991748436
1835 0.9999999991282232
1836 0.9999999990749883
1837 0.9999999990161101
1838 0.9999999989535366
1839 0.9999999988903839
1840 0.9999999988306262
1841 0.9999999987778082
1842 0.9999999987330099
1843 0.9999999986948498
1844 0.999999998666484
1845 0.9999999986668383
1846 0.999999998723788
1847 0.9999999988382191
1848 0.9999999989707389
1849 0.9999999990816235
1850 0.9999999991597526
1851 0.9999999992115306
1852 0.9999999992442558
1853 0.9999999992615772
1854 0.9999999992648685
1855 0.9999999992545837
1856 0.9999999992308862
1857 0.9999999991942118
1858 0.9999999991460227
1859 0.9999999990894568
1860 0.9999999990291105
1861 0.9999999989692684
1862 0.9999999989111094
1863 0.9999999988508975
1864 0.9999999987809391
1865 0.9999999986933777
1866 0.9999999985861215
1867 0.9999999984699044
1868 0.9999999983714591
1869 0.9999999983218406
1870 0.9999999983288471
1871 0.9999999983599078
1872 0.9999999983543173
1873 0.999999998235792
1874 0.9999999978813761
1875 0.9999999969900757
1876 0.9999999946025118
1877 0.9999999869387286
1878 0.9999999558919814
1879 0.9999997989861293
1880 0.9999981915502731
1881 0.9997485713580478
1882 0.9501843901146891
1883 0.634202556891963
1884 0.31451697177684607
1885 0.060201652474639405
1886 -0.17867662554031405
1887 -0.4072757537985644
1888 -0.627939858910747
1889 -0.8521591987578646
1890 -0.985112388040904
1891 -0.9998220180509968
1892 -0.9999987895653397
1893 -0.9999999610955277
1894 -0.9999999940238643
1895 -0.9999999978103301
1896 -0.9999999987579007
1897 -0.999999999112518
1898 -0.9999999992809121
1899 -0.999999999373971
1900 -0.9999999994287315
1901 -0.9999999994597649
1902 -0.9999999994741594
1903 -0.99999999947603
1904 -0.9999999994680047
1905 -0.9999999994518592
1906 -0.9999999994288556
1907 -0.9999999993999366
1908 -0.9999999993658462
1909 -0.999999999327231
1910 -0.9999999992847604
1911 -0.999999999239292
1912 -0.9999999991920844
1913 -0.9999999991450019
1914 -0.9999999991005778
1915 -0.9999999990616546
1916 -0.9999999990302786
1917 -0.9999999990061375
1918 -0.999999998986852
1919 -0.9999999989739264
1920 -0.9999999989817661
1921 -0.9999999990319638
1922 -0.9999999991246987
1923 -0.9999999992287879
1924 -0.9999999993134779
1925 -0.9999999993704705
1926 -0.9999999994046267
1927 -0.9999999994209442
1928 -0.999999999421107
1929 -0.9999999994045917
1930 -0.999999999369776
1931 -0.9999999993146249
1932 -0.9999999992376312
1933 -0.9999999991392761
1934 -0.9999999990234457
1935 -0.99999999889725
1936 -0.9999999987677233
1937 -0.9999999986362534
1938 -0.9999999984946076
1939 -0.9999999983261901
1940 -0.999999998113183
1941 -0.9999999978490585
1942 -0.9999999975549758
1943 -0.9999999972886122
1944 -0.9999999971198497
1945 -0.9999999970692134
1946 -0.9999999970654678
1947 -0.999999996964726
1948 -0.9999999965695705
1949 -0.9999999955509574
1950 -0.999999993171306
1951 -0.9999999874675308
1952 -0.9999999722760875
1953 -0.9999999240833827
1954 -0.9999997309415473
1955 -0.9999979401857502
1956 -0.9997146039668802
1957 -0.947474624568468
1958 -0.6329069589283068
1959 -0.314775621792296
1960 -0.059434536004491785
1961 0.17870193816564248
1962 0.4057596052298916
1963 0.6273445537418997
1964 0.8553092654793052
1965 0.9865024859577394
1966 0.9998515237575052
1967 0.9999989573855778
1968 0.9999999628312796
1969 0.9999999937514842
1970 0.9999999975546029
1971 0.9999999985413615
1972 0.9999999989149552
1973 0.9999999990917742
1974 0.9999999991893103
1975 0.9999999992475538
1976 0.9999999992821319
1977 0.9999999993004618
1978 0.9999999993067027
1979 0.9999999993033426
1980 0.9999999992918509
1981 0.9999999992730276
1982 0.9999999992472257
1983 0.9999999992145154
1984 0.9999999991748436
1985 0.9999999991282232
1986 0.9999999990749883
1987 0.9999999990161101
1988 0.9999999989535366
1989 0.9999999988903839
1990 0.9999999988306262
1991 0.9999999987778082
1992 0.9999999987330099
1993 0.9999999986948498
1994 0.999999998666484
1995 0.9999999986668383
1996 0.999999998723788
1997 0.9999999988382191
1998 0.9999999989707389
1999 0.9999999990816235
