0 0.0
1 0.0
2 -0.0014333736609550593
3 0.054912400893536675
4 0.08884405780842289
5 0.13817543994197415
6 0.1686685798769457
7 0.19667125956356937
8 0.21177483546498882
9 0.22407162695855978
10 0.23201628205749597
11 0.24073190859242427
12 0.24921454531698517
13 0.2583824259717946
14 0.2667371870711425
15 0.2742154669109593
16 0.28060432115005757
17 0.2868634262347072
18 0.29403383904243774
19 0.3033135880180137
20 0.3153185744409177
21 0.33005661363553956
22 0.3467936682411136
23 0.36432777500161795
24 0.3812196010489404
25 0.39609832209758883
26 0.40783528980429073
27 0.4156533191440489
28 0.419132078401259
29 0.41817572743334186
30 0.4129507808753089
31 0.4038279353508675
32 0.3913278416255109
33 0.37607757920056945
34 0.3587720664917567
35 0.3401407317522888
36 0.32091758146701344
37 0.3018167760348326
38 0.28351455413282645
39 0.2666385446038532
40 0.2517632833678613
41 0.23940964955922228
42 0.23004456623923897
43 0.22407707073002742
44 0.22184696065517007
45 0.22360315252245827
46 0.22947041713111038
47 0.2394057175471242
48 0.2531490695001193
49 0.27017870347967415
50 0.2896854706378645
51 0.31058491176553
52 0.33158396575876087
53 0.3513098614013495
54 0.3684911532751285
55 0.38216027196439045
56 0.3918319725799359
57 0.3976084455164831
58 0.40016895274705083
59 0.4006186734771451
60 0.4002042462104677
61 0.3999580890634273
62 0.4003941452202389
63 0.4014010706595929
64 0.4024249373187686
65 0.40290752915825534
66 0.40280501911197314
67 0.40292371944956507
68 0.40482011846101684
69 0.4101521193867697
70 0.41964616882591793
71 0.432163421009804
72 0.4444544104449736
73 0.4518630379582266
74 0.4496394268053262
75 0.4342101359335475
76 0.40403019259414963
77 0.3600493031383511
78 0.3058022921046405
79 0.24684953063535353
80 0.1893769595236861
81 0.13835843452565
82 0.09616805873978725
83 0.0623409937113428
84 0.03448401109683636
85 0.009728348482409811
86 -0.01402624606952573
87 -0.037558331878140526
88 -0.06052178073302699
89 -0.08211044811827307
90 -0.1017749496648461
91 -0.11965864782422653
92 -0.13662332247751985
93 -0.15393395000569557
94 -0.1727881209469278
95 -0.19389308624139534
96 -0.21723381844098621
97 -0.2420781892193147
98 -0.2671744774348554
99 -0.29104415464780586
100 -0.312268451988808
101 -0.32969851492066665
102 -0.34256344368012837
103 -0.35048766998975367
104 -0.35344842330289483
105 -0.3517058368084218
106 -0.3457294097514607
107 -0.3361329911437417
108 -0.32362149384639094
109 -0.3089479960031402
110 -0.29287900525819094
111 -0.2761666588159588
112 -0.25952782443729355
113 -0.24363047831207305
114 -0.22908719010754888
115 -0.21645440853820297
116 -0.2062350339716382
117 -0.19888087427087547
118 -0.19479116600717217
119 -0.1943034180966384
120 -0.19767341746308942
121 -0.20504248656648527
122 -0.21639235922390354
123 -0.23149181579182884
124 -0.2498447421150178
125 -0.2706558960734336
126 -0.2928359501040273
127 -0.315066878009898
128 -0.3359378614407628
129 -0.35414023681273354
130 -0.36868503578157436
131 -0.37909046071533314
132 -0.3854861078129292
133 -0.3885928435201311
134 -0.3895576636468385
135 -0.38965659012477405
136 -0.38993199613810664
137 -0.39088887042344167
138 -0.3923954282448019
139 -0.3938777175702791
140 -0.39477028109060264
141 -0.39504227665563185
142 -0.39553119356548516
143 -0.39783137128323176
144 -0.40362986791595057
145 -0.4136612045603
146 -0.42676659567069003
147 -0.43964609121892556
148 -0.4475647435478159
149 -0.4456758117624082
150 -0.43031775526818816
151 -0.39991758122401877
152 -0.355514498925482
153 -0.3008519965279256
154 -0.24171526676166508
155 -0.18438619687405713
156 -0.13375982151783863
157 -0.09204822793118311
158 -0.05865834227137513
159 -0.031145632418258542
160 -0.006645575410291648
161 0.01691699451676794
162 0.04029740140520478
163 0.06313752689540716
164 0.08462969354699652
165 0.10422628984456946
166 0.12206837549863714
167 0.1390087082540682
168 0.15629881557966285
169 0.17512272666769663
170 0.19617810302126412
171 0.21944761640349345
172 0.24420628887437568
173 0.26921874112768107
174 0.29302818233809413
175 0.31423640626766774
176 0.33170739895502255
177 0.3446718601098535
178 0.35274525744953167
179 0.3558890777434948
180 0.3543456393838719
181 0.3485683137215125
182 0.3391584540596926
183 0.32681232370949226
184 0.3122773287782374
185 0.29631613820238734
186 0.2796781072700513
187 0.26307825751636676
188 0.24718409166967376
189 0.2326097090075418
190 0.21991547181709556
191 0.20961036039437048
192 0.2021534572384161
193 0.19795081365898326
194 0.19734425694141347
195 0.20058951086723836
196 0.20782247087252398
197 0.21901486708578238
198 0.23392413557388383
199 0.2520470925889124
200 0.27259223194790416
201 0.29448919287958847
202 0.31645296093732106
203 0.33711137616168485
204 0.3551869518197757
205 0.3697026487703956
206 0.380164956247177
207 0.38667303539655895
208 0.3899099477687378
209 0.3909900672538514
210 0.3911710786384846
211 0.3914944162351203
212 0.39247844709641233
213 0.394011314334176
214 0.39553554645818995
215 0.3964897786684745
216 0.3968309291271631
217 0.3973716952536193
218 0.39967926866624426
219 0.4054222573503645
220 0.41533197602864186
221 0.42826355283702955
222 0.4409491433220431
223 0.44870639845892996
224 0.44676080482781705
225 0.43152528337110124
226 0.4014567191579564
227 0.3575213154799541
228 0.30328066741760845
229 0.244325289067218
230 0.1868662695354532
231 0.13589109487943157
232 0.0937749847211627
233 0.06004607251074806
234 0.03230170542006043
235 0.007665025864184548
236 -0.015969765996964674
237 -0.03938447286255385
238 -0.06223464295860786
239 -0.08371492924588948
240 -0.1032762860619599
241 -0.121062148140696
242 -0.13793420894623756
243 -0.15515729317145024
244 -0.17392883057413813
245 -0.19495590486169445
246 -0.21822330612363633
247 -0.2429987383028671
248 -0.26803039179125876
249 -0.2918397746026674
250 -0.313008257646891
251 -0.3303871390182168
252 -0.34320556788377704
253 -0.35108783290336365
254 -0.3540108020656877
255 -0.35223406586392536
256 -0.3462264791114914
257 -0.33660123803467784
258 -0.3240626774631518
259 -0.30936342977802955
260 -0.29326971486050063
261 -0.2765335356867134
262 -0.2598717519541827
263 -0.24395241793260852
264 -0.22938822504836043
265 -0.21673575028891687
266 -0.20649800106430852
267 -0.19912685344259567
268 -0.19502156430908357
269 -0.19451961198407425
270 -0.1978767026264758
271 -0.20523403104089138
272 -0.21657316257064463
273 -0.2316626788580874
274 -0.25000625433638224
275 -0.2708084487355667
276 -0.29297978169897193
277 -0.31520214951431486
278 -0.33606474606919984
279 -0.35425899716707376
280 -0.3687960607749944
281 -0.3791942494020029
282 -0.385583210380767
283 -0.38868378748587573
284 -0.3896428961573886
285 -0.38973645592736283
286 -0.39000675332966284
287 -0.39095873124351743
288 -0.39246060444876196
289 -0.3939384495266261
290 -0.3948268361988384
291 -0.39509491606201164
292 -0.39558012305807605
293 -0.39787670384446816
294 -0.40367162412033336
295 -0.41369936365448595
296 -0.4268011898801869
297 -0.43967731073847616
298 -0.44759299941249925
299 -0.4457017142426017
300 -0.43034201241923775
301 -0.3999408641555499
302 -0.35553732341297606
303 -0.3008746520655689
304 -0.24173780807635972
305 -0.18440849596865852
306 -0.13378165616552604
307 -0.0920693687019511
308 -0.05867860830312466
309 -0.031164909882198385
310 -0.006663811025334468
311 0.016899809716018035
312 0.04028124835269731
313 0.06312237072116532
314 0.08461549136785043
315 0.10421299552363601
316 0.1220559426406831
317 0.13899709183073367
318 0.15628797232315972
319 0.17511261474520945
320 0.1961686816488474
321 0.21943884564805707
322 0.24419812942355718
323 0.26921115378474053
324 0.293021127347634
325 0.314229842884182
326 0.33170128566193924
327 0.3446661556186019
328 0.3527399222619733
329 0.3558840758392306
330 0.3543409395742528
331 0.34856389035527174
332 0.33915428697618566
333 0.32680839752965046
334 0.3122736317531432
335 0.29631266089028546
336 0.279674841291864
337 0.2630751945683021
338 0.24718122287858185
339 0.23260702462917465
340 0.21991296121870318
341 0.20960801223723746
342 0.20215125977736642
343 0.1979487550934108
344 0.1973423257746687
345 0.20058769624981893
346 0.20782076291473353
347 0.2190132571253645
348 0.23392261637432504
349 0.25204565842865523
350 0.2725908785490972
351 0.2944879171332559
352 0.3164517604263335
353 0.337110248564849
354 0.35518589436623255
355 0.36970165794106863
356 0.38016402784260056
357 0.38667216493157
358 0.3899091310047145
359 0.3909893006282228
360 0.39117035942113443
361 0.39149374238111007
362 0.3924778168958855
363 0.39401072603194687
364 0.3955349980193272
365 0.39648926781033855
366 0.39683045362579855
367 0.397371253388262
368 0.3996788595609332
369 0.4054218809760875
370 0.41533163274446705
371 0.42826324252932035
372 0.4409488644241778
373 0.4487061473227718
374 0.44676057584754936
375 0.43152506985536443
376 0.4014565145622998
377 0.35752111457171776
378 0.3032804670919662
379 0.24432508861226884
380 0.18686607023157528
381 0.13589089908253776
382 0.09377479487068048
383 0.06004589048704558
384 0.03230153235777454
385 0.00766486225916727
386 -0.015969920085882515
387 -0.039384617631835345
388 -0.06223477873666393
389 -0.08371505642386502
390 -0.1032764050574379
391 -0.12106225937648181
392 -0.13793431283769692
393 -0.15515739012136687
394 -0.17392892097213744
395 -0.1949559890839262
396 -0.21822338453174492
397 -0.24299881124527598
398 -0.2680304596094964
399 -0.2918398376412501
400 -0.31300831626146
401 -0.3303871935764887
402 -0.3432056187572746
403 -0.3510878804521686
404 -0.35401084662111887
405 -0.3522341077141896
406 -0.34622651849362696
407 -0.3366012751339177
408 -0.32406271241885953
409 -0.30936346269420045
410 -0.29326974581829524
411 -0.2765335647566382
412 -0.25987177920610205
413 -0.24395244344257963
414 -0.22938824890210405
415 -0.216735772582333
416 -0.20649802190179917
417 -0.1991268729339845
418 -0.1950215825658198
419 -0.19451962911519352
420 -0.19787671873462628
421 -0.20523404621861113
422 -0.21657317689712988
423 -0.2316626923967933
424 -0.25000626713401686
425 -0.27080846082314264
426 -0.29297979309540284
427 -0.31520216023237396
428 -0.3360647561226388
429 -0.35425900657672493
430 -0.3687960695716995
431 -0.37919425762532566
432 -0.38558321807431867
433 -0.3886837946914646
434 -0.38964290291045073
435 -0.38973646225521735
436 -0.3900067592527603
437 -0.3909587367786736
438 -0.3924606096127546
439 -0.39393845433849983
440 -0.39482684067977925
441 -0.39509492023271137
442 -0.39558012693483824
443 -0.39787670743624365
444 -0.40367162742875196
445 -0.4136993666779019
446 -0.4268011926211517
447 -0.43967731321206044
448 -0.4475930016512709
449 -0.44570171629491434
450 -0.4303420143411889
451 -0.39994086600031764
452 -0.35553732522142556
453 -0.3008746538606353
454 -0.2417378098623852
455 -0.1844084977354932
456 -0.1337816578955677
457 -0.09206937037701603
458 -0.0586786099088837
459 -0.031164911409631412
460 -0.006663812470218157
461 0.01689980835439253
462 0.040281247072821595
463 0.06312236952027489
464 0.08461549024254902
465 0.10421299447026738
466 0.12205594165557179
467 0.1389970909103118
468 0.156287971463999
469 0.17511261394399544
470 0.19616868090234835
471 0.21943884495310925
472 0.24419812877704608
473 0.2692111531835599
474 0.2930211267886338
475 0.31422984236413426
476 0.3317012851775543
477 0.3446661551666076
478 0.3527399218392414
479 0.3558840754429056
480 0.35434093920186494
481 0.34856389000478794
482 0.33915428664600716
483 0.3268083972185608
484 0.31227363146021075
485 0.2963126606147617
486 0.2796748410330855
487 0.2630751943256104
488 0.24718122265127415
489 0.2326070244164791
490 0.21991296101977664
491 0.20960801205118187
492 0.20215125960325106
493 0.1979487549303015
494 0.1973423256216528
495 0.2005876961060386
496 0.20782076277940367
497 0.21901325699779914
498 0.2339226162539526
499 0.25204565831501996
500 0.27259087844186114
501 0.29448791703217225
502 0.31645176033121114
503 0.33711024847550425
504 0.3551858942824455
505 0.3697016578625606
506 0.38016402776903874
507 0.38667216486259903
508 0.38990913093999896
509 0.390989300567479
510 0.39117035936414746
511 0.39149374232771744
512 0.3924778168459516
513 0.3940107259853332
514 0.3955349979758717
515 0.3964892677698609
516 0.3968304535881223
517 0.39737125335325074
518 0.39967885952851795
519 0.40542188094626513
520 0.4153316327172672
521 0.4282632425047327
522 0.44094886440207953
523 0.448706147302873
524 0.44676057582940687
525 0.4315250698384451
526 0.40145651454608794
527 0.3575211145557987
528 0.30328046707609324
529 0.24432508859638735
530 0.1868660702157837
531 0.13589089906702423
532 0.09377479485563772
533 0.06004589047262335
534 0.03230153234406224
535 0.007664862246204359
536 -0.015969920098091596
537 -0.03938461764330578
538 -0.062234778747421955
539 -0.08371505643394168
540 -0.10327640506686646
541 -0.12106225938529543
542 -0.13793431284592858
543 -0.15515739012904844
544 -0.17392892097930004
545 -0.19495598909059908
546 -0.2182233845379572
547 -0.2429988112510553
548 -0.26803045961486976
549 -0.291839837646245
550 -0.31300831626610387
551 -0.33038719358081164
552 -0.34320561876130545
553 -0.3510878804559361
554 -0.35401084662464904
555 -0.3522341077175059
556 -0.34622651849674757
557 -0.33660127513685734
558 -0.32406271242162943
559 -0.3093634626968087
560 -0.2932697458207482
561 -0.2765335647589415
562 -0.25987177920826116
563 -0.24395244344460085
564 -0.22938824890399406
565 -0.21673577258409923
566 -0.20649802190345026
567 -0.19912687293552878
568 -0.19502158256726618
569 -0.1945196291165509
570 -0.19787671873590257
571 -0.20523404621981373
572 -0.21657317689826497
573 -0.23166269239786594
574 -0.25000626713503066
575 -0.2708084608241003
576 -0.2929797930963055
577 -0.31520216023322317
578 -0.3360647561234352
579 -0.3542590065774705
580 -0.3687960695723965
581 -0.379194257625977
582 -0.3855832180749284
583 -0.3886837946920354
584 -0.38964290291098574
585 -0.3897364622557186
586 -0.39000675925322975
587 -0.390958736779112
588 -0.3924606096131636
589 -0.39393845433888103
590 -0.39482684068013435
591 -0.39509492023304166
592 -0.39558012693514527
593 -0.3978767074365282
594 -0.40367162742901386
595 -0.4136993666781414
596 -0.4268011926213688
597 -0.4396773132122564
598 -0.44759300165144805
599 -0.44570171629507693
600 -0.4303420143413415
601 -0.39994086600046397
602 -0.35553732522156895
603 -0.3008746538607779
604 -0.24173780986252716
605 -0.18440849773563334
606 -0.13378165789570498
607 -0.09206937037714892
608 -0.058678609909010984
609 -0.03116491140975251
610 -0.0066638124703325245
611 0.01689980835428444
612 0.04028124707271989
613 0.06312236952017977
614 0.08461549024245982
615 0.10421299447018394
616 0.12205594165549374
617 0.13899709091023862
618 0.1562879714639309
619 0.17511261394393174
620 0.19616868090228914
621 0.2194388449530541
622 0.2441981287769946
623 0.26921115318351196
624 0.2930211267885895
625 0.3142298423640931
626 0.33170128517751574
627 0.3446661551665717
628 0.3527399218392077
629 0.35588407544287426
630 0.3543409392018353
631 0.3485638900047603
632 0.3391542866459812
633 0.32680839721853633
634 0.31227363146018766
635 0.29631266061474004
636 0.279674841033065
637 0.26307519432559134
638 0.24718122265125608
639 0.23260702441646233
640 0.21991296101976102
641 0.20960801205116736
642 0.20215125960323724
643 0.19794875493028868
644 0.1973423256216407
645 0.20058769610602686
646 0.2078207627793933
647 0.219013256997789
648 0.23392261625394173
649 0.25204565831501125
650 0.2725908784418519
651 0.29448791703216415
652 0.3164517603312031
653 0.33711024847549687
654 0.3551858942824384
655 0.3697016578625536
656 0.3801640277690328
657 0.38667216486259287
658 0.3899091309399944
659 0.3909893005674738
660 0.3911703593641431
661 0.3914937423277129
662 0.39247781684594796
663 0.3940107259853293
664 0.39553499797586833
665 0.3964892677698578
666 0.3968304535881193
667 0.3973712533532478
668 0.3996788595285151
669 0.40542188094626197
670 0.4153316327172652
671 0.42826324250473025
672 0.4409488644020774
673 0.4487061473028713
674 0.4467605758294043
675 0.4315250698384469
676 0.4014565145460886
677 0.35752111455579383
678 0.30328046707609496
679 0.2443250885963848
680 0.18686607021578355
681 0.13589089906702245
682 0.09377479485563753
683 0.06004589047262198
684 0.032301532344060226
685 0.007664862246204584
686 -0.015969920098093095
687 -0.0393846176433065
688 -0.06223477874742313
689 -0.08371505643394235
690 -0.10327640506686718
691 -0.12106225938529612
692 -0.13793431284592914
693 -0.15515739012904914
694 -0.1739289209793005
695 -0.19495598909059889
696 -0.21822338453795798
697 -0.2429988112510553
698 -0.2680304596148693
699 -0.2918398376462456
700 -0.31300831626610354
701 -0.33038719358081187
702 -0.34320561876130606
703 -0.35108788045593525
704 -0.35401084662464993
705 -0.35223410771750546
706 -0.3462265184967491
707 -0.3366012751368571
708 -0.3240627124216307
709 -0.30936346269680975
710 -0.2932697458207478
711 -0.2765335647589425
712 -0.2598717792082613
713 -0.24395244344460193
714 -0.22938824890399434
715 -0.21673577258409996
716 -0.20649802190345048
717 -0.19912687293552978
718 -0.19502158256726618
719 -0.19451962911655157
720 -0.19787671873590165
721 -0.2052340462198153
722 -0.21657317689826427
723 -0.23166269239786552
724 -0.2500062671350298
725 -0.2708084608241012
726 -0.29297979309630445
727 -0.31520216023322356
728 -0.33606475612343495
729 -0.3542590065774706
730 -0.36879606957239636
731 -0.3791942576259778
732 -0.38558321807492735
733 -0.3886837946920362
734 -0.3896429029109853
735 -0.38973646225571956
736 -0.39000675925322925
737 -0.3909587367791125
738 -0.39246060961316337
739 -0.39393845433888147
740 -0.39482684068013413
741 -0.39509492023304177
742 -0.39558012693514527
743 -0.39787670743652853
744 -0.4036716274290137
745 -0.41369936667814156
746 -0.42680119262136756
747 -0.4396773132122574
748 -0.44759300165144744
749 -0.4457017162950773
750 -0.4303420143413413
751 -0.39994086600046463
752 -0.3555373252215695
753 -0.3008746538607822
754 -0.2417378098625234
755 -0.18440849773563686
756 -0.13378165789570384
757 -0.09206937037714957
758 -0.05867860990901237
759 -0.03116491140975261
760 -0.0066638124703334006
761 0.016899808354284212
762 0.04028124707271941
763 0.06312236952017927
764 0.08461549024245936
765 0.1042129944701836
766 0.12205594165549324
767 0.13899709091023832
768 0.15628797146393011
769 0.17511261394393143
770 0.1961686809022894
771 0.2194388449530538
772 0.24419812877699557
773 0.26921115318351163
774 0.2930211267885898
775 0.3142298423640927
776 0.3317012851775156
777 0.3446661551665723
778 0.3527399218392086
779 0.35588407544287465
780 0.3543409392018359
781 0.3485638900047593
782 0.3391542866459819
783 0.32680839721853466
784 0.31227363146018816
785 0.2963126606147393
786 0.27967484103306584
787 0.26307519432559046
788 0.247181222651257
789 0.23260702441646172
790 0.2199129610197615
791 0.20960801205116758
792 0.2021512596032379
793 0.19794875493028863
794 0.19734232562164197
795 0.20058769610602686
796 0.20782076277939382
797 0.2190132569977878
798 0.23392261625394375
799 0.25204565831500936
800 0.2725908784418518
801 0.29448791703216354
802 0.31645176033120426
803 0.3371102484754964
804 0.3551858942824388
805 0.3697016578625536
806 0.38016402776903296
807 0.3866721648625929
808 0.38990913093999463
809 0.39098930056747383
810 0.39117035936414357
811 0.3914937423277133
812 0.3924778168459483
813 0.39401072598532966
814 0.39553499797586844
815 0.39648926776985804
816 0.3968304535881195
817 0.39737125335324824
818 0.3996788595285153
819 0.4054218809462621
820 0.4153316327172654
821 0.4282632425047293
822 0.4409488644020774
823 0.4487061473028707
824 0.44676057582940243
825 0.43152506983844485
826 0.40145651454608877
827 0.3575211145557926
828 0.3032804670760946
829 0.2443250885963841
830 0.1868660702157848
831 0.13589089906702145
832 0.0937747948556366
833 0.06004589047262291
834 0.0323015323440604
835 0.007664862246205373
836 -0.015969920098093313
837 -0.03938461764330588
838 -0.06223477874742313
839 -0.08371505643394188
840 -0.10327640506686697
841 -0.12106225938529584
842 -0.13793431284592897
843 -0.15515739012904892
844 -0.1739289209793008
845 -0.1949559890906009
846 -0.21822338453795828
847 -0.2429988112510561
848 -0.26803045961486965
849 -0.29183983764624616
850 -0.3130083162661039
851 -0.3303871935808125
852 -0.3432056187613071
853 -0.35108788045593664
854 -0.35401084662465154
855 -0.3522341077175049
856 -0.3462265184967473
857 -0.33660127513685695
858 -0.3240627124216297
859 -0.3093634626968096
860 -0.2932697458207472
861 -0.2765335647589424
862 -0.25987177920826093
863 -0.24395244344460223
864 -0.22938824890399376
865 -0.21673577258409968
866 -0.20649802190345054
867 -0.1991268729355299
868 -0.19502158256726673
869 -0.1945196291165512
870 -0.197876718735902
871 -0.20523404621981536
872 -0.2165731768982644
873 -0.2316626923978656
874 -0.2500062671350285
875 -0.27080846082410037
876 -0.2929797930963033
877 -0.3152021602332235
878 -0.3360647561234343
879 -0.35425900657747006
880 -0.3687960695723959
881 -0.37919425762597747
882 -0.385583218074927
883 -0.3886837946920357
884 -0.38964290291098563
885 -0.3897364622557193
886 -0.3900067592532295
887 -0.39095873677911247
888 -0.3924606096131637
889 -0.3939384543388812
890 -0.39482684068013435
891 -0.39509492023304177
892 -0.39558012693514544
893 -0.3978767074365285
894 -0.4036716274290136
895 -0.41369936667814056
896 -0.4268011926213668
897 -0.4396773132122563
898 -0.4475930016514469
899 -0.44570171629507543
900 -0.43034201434133884
901 -0.3999408660004641
902 -0.3555373252215681
903 -0.3008746538607814
904 -0.24173780986252213
905 -0.18440849773563647
906 -0.1337816578957031
907 -0.09206937037714792
908 -0.05867860990901041
909 -0.031164911409752714
910 -0.006663812470332305
911 0.016899808354284382
912 0.040281247072720135
913 0.06312236952017972
914 0.08461549024246001
915 0.10421299447018388
916 0.12205594165549374
917 0.13899709091023876
918 0.1562879714639306
919 0.17511261394393166
920 0.19616868090228956
921 0.21943884495305405
922 0.24419812877699573
923 0.26921115318351163
924 0.2930211267885901
925 0.31422984236409307
926 0.33170128517751596
927 0.3446661551665723
928 0.3527399218392087
929 0.3558840754428767
930 0.3543409392018357
931 0.3485638900047607
932 0.3391542866459821
933 0.32680839721853583
934 0.3122736314601887
935 0.29631266061474004
936 0.2796748410330664
937 0.26307519432559096
938 0.24718122265125733
939 0.2326070244164624
940 0.2199129610197619
941 0.20960801205116825
942 0.202151259603238
943 0.19794875493028902
944 0.19734232562164197
945 0.20058769610602728
946 0.20782076277939387
947 0.21901325699778793
948 0.2339226162539438
949 0.25204565831500936
950 0.27259087844185204
951 0.29448791703216365
952 0.31645176033120426
953 0.3371102484754967
954 0.3551858942824388
955 0.3697016578625538
956 0.38016402776903313
957 0.3866721648625931
958 0.38990913093999463
959 0.39098930056747405
960 0.3911703593641438
961 0.39149374232771345
962 0.39247781684594857
963 0.39401072598532966
964 0.39553499797586866
965 0.39648926776985816
966 0.39683045358811964
967 0.39737125335324824
968 0.39967885952851545
969 0.4054218809462623
970 0.4153316327172654
971 0.4282632425047293
972 0.4409488644020772
973 0.4487061473028708
974 0.4467605758294026
975 0.43152506983844474
976 0.4014565145460888
977 0.357521114555793
978 0.30328046707609496
979 0.24432508859638452
980 0.18686607021578513
981 0.13589089906702165
982 0.09377479485563699
983 0.06004589047262048
984 0.03230153234406123
985 0.0076648622462040196
986 -0.015969920098093206
987 -0.0393846176433066
988 -0.06223477874742323
989 -0.08371505643394235
990 -0.10327640506686733
991 -0.12106225938529629
992 -0.13793431284592936
993 -0.15515739012904914
994 -0.17392892097930102
995 -0.1949559890906009
996 -0.21822338453795828
997 -0.2429988112510564
998 -0.2680304596148698
999 -0.29183983764624627
1000 -0.3130083162661042
1001 -0.3303871935808126
1002 -0.3432056187613072
1003 -0.35108788045593686
1004 -0.35401084662465154
1005 -0.3522341077175051
1006 -0.3462265184967473
1007 -0.336601275136857
1008 -0.32406271242162993
1009 -0.3093634626968096
1010 -0.29326974582074733
1011 -0.2765335647589424
1012 -0.25987177920826093
1013 -0.24395244344460199
1014 -0.22938824890399404
1015 -0.21673577258409976
1016 -0.2064980219034506
1017 -0.19912687293553005
1018 -0.19502158256726662
1019 -0.19451962911655143
1020 -0.19787671873590176
1021 -0.2052340462198153
1022 -0.2165731768982642
1023 -0.23166269239786555
1024 -0.2500062671350283
1025 -0.2708084608241003
1026 -0.29297979309630323
1027 -0.3152021602332235
1028 -0.33606475612343417
1029 -0.35425900657747017
1030 -0.3687960695723958
1031 -0.3791942576259776
1032 -0.3855832180749269
1033 -0.38868379469203584
1034 -0.38964290291098547
1035 -0.3897364622557194
1036 -0.39000675925322925
1037 -0.3909587367791127
1038 -0.39246060961316387
1039 -0.3939384543388812
1040 -0.39482684068013435
1041 -0.39509492023304194
1042 -0.39558012693514544
1043 -0.39787670743652853
1044 -0.40367162742901375
1045 -0.41369936667814045
1046 -0.4268011926213666
1047 -0.4396773132122562
1048 -0.4475930016514469
1049 -0.44570171629507543
1050 -0.4303420143413388
1051 -0.39994086600046447
1052 -0.3555373252215682
1053 -0.300874653860782
1054 -0.24173780986252238
1055 -0.18440849773563675
1056 -0.13378165789570343
1057 -0.09206937037714819
1058 -0.05867860990901041
1059 -0.03116491140975293
1060 -0.0066638124703325245
1061 0.016899808354284382
1062 0.04028124707272001
1063 0.06312236952017965
1064 0.08461549024245989
1065 0.10421299447018388
1066 0.12205594165549367
1067 0.13899709091023862
1068 0.1562879714639305
1069 0.17511261394393166
1070 0.19616868090228956
1071 0.21943884495305388
1072 0.24419812877699557
1073 0.26921115318351163
1074 0.2930211267885898
1075 0.31422984236409307
1076 0.33170128517751585
1077 0.3446661551665724
1078 0.3527399218392087
1079 0.35588407544287676
1080 0.3543409392018358
1081 0.3485638900047608
1082 0.3391542866459824
1083 0.32680839721853594
1084 0.31227363146018905
1085 0.29631266061474004
1086 0.2796748410330667
1087 0.26307519432559107
1088 0.2471812226512577
1089 0.23260702441646247
1090 0.2199129610197621
1091 0.20960801205116758
1092 0.20215125960323846
1093 0.19794875493028852
1094 0.19734232562164228
1095 0.20058769610602695
1096 0.20782076277939387
1097 0.21901325699778787
1098 0.2339226162539438
1099 0.25204565831500936
1100 0.2725908784418517
1101 0.2944879170321634
1102 0.31645176033120404
1103 0.3371102484754964
1104 0.3551858942824388
1105 0.3697016578625536
1106 0.3801640277690328
1107 0.3866721648625931
1108 0.38990913093999463
1109 0.39098930056747383
1110 0.39117035936414357
1111 0.3914937423277132
1112 0.3924778168459484
1113 0.39401072598532955
1114 0.39553499797586833
1115 0.39648926776985804
1116 0.3968304535881195
1117 0.39737125335324813
1118 0.3996788595285152
1119 0.40542188094626197
1120 0.4153316327172652
1121 0.4282632425047293
1122 0.44094886440207715
1123 0.4487061473028708
1124 0.44676057582940265
1125 0.431525069838445
1126 0.40145651454608927
1127 0.3575211145557931
1128 0.3032804670760953
1129 0.2443250885963846
1130 0.1868660702157855
1131 0.13589089906702204
1132 0.09377479485563707
1133 0.060045890472620544
1134 0.032301532344061294
1135 0.0076648622462041896
1136 -0.01596992009809299
1137 -0.0393846176433066
1138 -0.06223477874742323
1139 -0.08371505643394235
1140 -0.10327640506686708
1141 -0.12106225938529638
1142 -0.13793431284592914
1143 -0.15515739012904892
1144 -0.1739289209793008
1145 -0.1949559890905994
1146 -0.21822338453795878
1147 -0.2429988112510553
1148 -0.26803045961486976
1149 -0.29183983764624566
1150 -0.3130083162661039
1151 -0.3303871935808121
1152 -0.34320561876130684
1153 -0.35108788045593664
1154 -0.35401084662465127
1155 -0.35223410771750496
1156 -0.346226518496747
1157 -0.33660127513685684
1158 -0.32406271242162993
1159 -0.3093634626968096
1160 -0.29326974582074755
1161 -0.27653356475894225
1162 -0.25987177920826116
1163 -0.24395244344460199
1164 -0.22938824890399404
1165 -0.21673577258409976
1166 -0.20649802190345082
1167 -0.19912687293552983
1168 -0.19502158256726673
1169 -0.19451962911655116
1170 -0.19787671873590165
1171 -0.20523404621981506
1172 -0.216573176898264
1173 -0.23166269239786533
1174 -0.2500062671350282
1175 -0.27080846082410015
1176 -0.292979793096303
1177 -0.3152021602332234
1178 -0.33606475612343395
1179 -0.35425900657747006
1180 -0.36879606957239564
1181 -0.37919425762597747
1182 -0.38558321807492685
1183 -0.38868379469203573
1184 -0.3896429029109856
1185 -0.3897364622557194
1186 -0.3900067592532294
1187 -0.39095873677911247
1188 -0.3924606096131636
1189 -0.3939384543388812
1190 -0.3948268406801343
1191 -0.39509492023304177
1192 -0.3955801269351452
1193 -0.39787670743652853
1194 -0.40367162742901347
1195 -0.41369936667814033
1196 -0.42680119262136645
1197 -0.4396773132122561
1198 -0.44759300165144683
1199 -0.44570171629507566
1200 -0.4303420143413391
1201 -0.39994086600046463
1202 -0.3555373252215685
1203 -0.30087465386078227
1204 -0.2417378098625227
1205 -0.1844084977356368
1206 -0.1337816578957036
1207 -0.0920693703771484
1208 -0.0586786099090105
1209 -0.03116491140975313
1210 -0.0066638124703325245
1211 0.01689980835428427
1212 0.04028124707272001
1213 0.06312236952017952
1214 0.08461549024245989
1215 0.10421299447018367
1216 0.12205594165549359
1217 0.13899709091023862
1218 0.1562879714639305
1219 0.17511261394393152
1220 0.1961686809022894
1221 0.2194388449530537
1222 0.24419812877699548
1223 0.26921115318351146
1224 0.2930211267885898
1225 0.31422984236409274
1226 0.33170128517751574
1227 0.3446661551665723
1228 0.3527399218392086
1229 0.35588407544287465
1230 0.3543409392018363
1231 0.3485638900047597
1232 0.3391542866459823
1233 0.32680839721853533
1234 0.3122736314601887
1235 0.2963126606147397
1236 0.2796748410330664
1237 0.26307519432559057
1238 0.24718122265125747
1239 0.23260702441646205
1240 0.21991296101976177
1241 0.20960801205116736
1242 0.20215125960323807
1243 0.1979487549302882
1244 0.19734232562164203
1245 0.20058769610602653
1246 0.2078207627793937
1247 0.2190132569977876
1248 0.23392261625394342
1249 0.2520456583150088
1250 0.2725908784418513
1251 0.29448791703216315
1252 0.31645176033120354
1253 0.3371102484754961
1254 0.35518589428243846
1255 0.36970165786255316
1256 0.38016402776903263
1257 0.38667216486259287
1258 0.38990913093999424
1259 0.3909893005674736
1260 0.39117035936414335
1261 0.391493742327713
1262 0.3924778168459482
1263 0.39401072598532966
1264 0.39553499797586833
1265 0.396489267769858
1266 0.3968304535881193
1267 0.39737125335324824
1268 0.3996788595285151
1269 0.40542188094626186
1270 0.4153316327172652
1271 0.4282632425047291
1272 0.44094886440207715
1273 0.4487061473028708
1274 0.44676057582940265
1275 0.43152506983844485
1276 0.40145651454608927
1277 0.3575211145557932
1278 0.30328046707609563
1279 0.24432508859638513
1280 0.18686607021578566
1281 0.13589089906702223
1282 0.09377479485563726
1283 0.06004589047262061
1284 0.032301532344061405
1285 0.0076648622462041896
1286 -0.015969920098093095
1287 -0.0393846176433065
1288 -0.062234778747423024
1289 -0.08371505643394243
1290 -0.10327640506686708
1291 -0.12106225938529612
1292 -0.13793431284592914
1293 -0.15515739012904892
1294 -0.17392892097929974
1295 -0.1949559890905997
1296 -0.21822338453795798
1297 -0.2429988112510552
1298 -0.2680304596148692
1299 -0.2918398376462455
1300 -0.3130083162661038
1301 -0.330387193580812
1302 -0.34320561876130673
1303 -0.3510878804559365
1304 -0.35401084662465127
1305 -0.3522341077175049
1306 -0.34622651849674924
1307 -0.33660127513685656
1308 -0.32406271242162893
1309 -0.30936346269681003
1310 -0.29326974582074716
1311 -0.2765335647589438
1312 -0.25987177920826077
1313 -0.24395244344460226
1314 -0.22938824890399434
1315 -0.21673577258409987
1316 -0.20649802190345096
1317 -0.19912687293552897
1318 -0.19502158256726704
1319 -0.1945196291165526
1320 -0.19787671873590143
1321 -0.20523404621981586
1322 -0.21657317689826155
1323 -0.2316626923978663
1324 -0.2500062671350294
1325 -0.2708084608240973
1326 -0.29297979309630395
1327 -0.315202160233222
1328 -0.3360647561234338
1329 -0.3542590065774695
1330 -0.3687960695723945
1331 -0.3791942576259773
1332 -0.38558321807492607
1333 -0.38868379469203707
1334 -0.3896429029109848
1335 -0.38973646225571895
1336 -0.3900067592532294
1337 -0.39095873677911214
1338 -0.39246060961316387
1339 -0.39393845433888114
1340 -0.3948268406801346
1341 -0.3950949202330415
1342 -0.39558012693514544
1343 -0.39787670743652837
1344 -0.403671627429012
1345 -0.4136993666781405
1346 -0.42680119262136773
1347 -0.4396773132122558
1348 -0.44759300165144766
1349 -0.44570171629507577
1350 -0.43034201434134495
1351 -0.3999408660004628
1352 -0.3555373252215635
1353 -0.30087465386078516
1354 -0.2417378098625209
1355 -0.18440849773564125
1356 -0.13378165789570143
1357 -0.09206937037715213
1358 -0.05867860990900951
1359 -0.03116491140975501
1360 -0.006663812470334496
1361 0.016899808354284097
1362 0.04028124707271851
1363 0.06312236952017915
1364 0.08461549024245876
1365 0.10421299447018319
1366 0.1220559416554929
1367 0.13899709091023804
1368 0.1562879714639302
1369 0.1751126139439309
1370 0.19616868090228926
1371 0.21943884495305496
1372 0.24419812877699287
1373 0.26921115318351246
1374 0.2930211267885895
1375 0.3142298423640927
1376 0.33170128517751557
1377 0.34466615516657345
1378 0.3527399218392083
1379 0.3558840754428754
1380 0.3543409392018361
1381 0.3485638900047603
1382 0.3391542866459802
1383 0.3268083972185383
1384 0.3122736314601871
1385 0.2963126606147393
1386 0.27967484103306606
1387 0.2630751943255906
1388 0.2471812226512577
1389 0.2326070244164619
1390 0.21991296101976182
1391 0.2096080120511671
1392 0.2021512596032383
1393 0.1979487549302898
1394 0.19734232562164
1395 0.20058769610602772
1396 0.2078207627793951
1397 0.2190132569977872
1398 0.23392261625394425
1399 0.25204565831500625
1400 0.27259087844185237
1401 0.29448791703216204
1402 0.3164517603312027
1403 0.3371102484754959
1404 0.3551858942824376
1405 0.3697016578625536
1406 0.38016402776903213
1407 0.38667216486259126
1408 0.38990913093999424
1409 0.39098930056747255
1410 0.391170359364144
1411 0.39149374232771234
1412 0.3924778168459482
1413 0.39401072598532894
1414 0.3955349979758686
1415 0.39648926776985743
1416 0.3968304535881193
1417 0.3973712533532478
1418 0.3996788595285156
1419 0.4054218809462614
1420 0.4153316327172652
1421 0.42826324250473113
1422 0.44094886440207653
1423 0.44870614730287195
1424 0.4467605758294052
1425 0.4315250698384446
1426 0.40145651454608444
1427 0.3575211145558046
1428 0.30328046707608997
1429 0.24432508859638485
1430 0.18686607021578588
1431 0.13589089906702181
1432 0.09377479485563919
1433 0.06004589047262016
1434 0.032301532344062356
1435 0.0076648622462025555
1436 -0.01596992009809213
1437 -0.03938461764330691
1438 -0.062234778747422545
1439 -0.08371505643394273
1440 -0.1032764050668669
1441 -0.12106225938529638
1442 -0.13793431284592902
1443 -0.15515739012904942
1444 -0.1739289209792995
1445 -0.19495598909059955
1446 -0.21822338453795612
1447 -0.2429988112510556
1448 -0.26803045961486965
1449 -0.29183983764624416
1450 -0.3130083162661041
1451 -0.33038719358081087
1452 -0.3432056187613069
1453 -0.3510878804559357
1454 -0.35401084662464904
1455 -0.35223410771750496
1456 -0.34622651849674824
1457 -0.3366012751368585
1458 -0.3240627124216297
1459 -0.30936346269680876
1460 -0.29326974582074977
1461 -0.27653356475894153
1462 -0.2598717792082615
1463 -0.2439524434446021
1464 -0.22938824890399429
1465 -0.21673577258409996
1466 -0.20649802190345068
1467 -0.19912687293553005
1468 -0.19502158256726554
1469 -0.1945196291165518
1470 -0.1978767187359033
1471 -0.2052340462198123
1472 -0.21657317689826527
1473 -0.2316626923978663
1474 -0.25000626713502766
1475 -0.2708084608241006
1476 -0.2929797930963048
1477 -0.3152021602332231
1478 -0.33606475612343495
1479 -0.3542590065774702
1480 -0.36879606957239647
1481 -0.3791942576259765
1482 -0.3855832180749295
1483 -0.3886837946920354
1484 -0.38964290291098574
1485 -0.3897364622557198
1486 -0.39000675925322964
1487 -0.39095873677911286
1488 -0.3924606096131637
1489 -0.3939384543388813
1490 -0.39482684068013435
1491 -0.39509492023304216
1492 -0.3955801269351456
1493 -0.397876707436528
1494 -0.40367162742901386
1495 -0.4136993666781423
1496 -0.426801192621366
1497 -0.4396773132122571
1498 -0.44759300165144683
1499 -0.4457017162950763
1500 -0.43034201434133984
1501 -0.3999408660004729
1502 -0.35553732522156684
1503 -0.30087465386077983
1504 -0.24173780986253202
1505 -0.18440849773563414
1506 -0.13378165789570826
1507 -0.09206937037714846
1508 -0.05867860990901325
1509 -0.031164911409753963
1510 -0.006663812470334607
1511 0.016899808354282835
1512 0.04028124707271851
1513 0.0631223695201784
1514 0.08461549024245865
1515 0.10421299447018272
1516 0.12205594165549268
1517 0.13899709091023763
1518 0.15628797146392948
1519 0.17511261394393066
1520 0.1961686809022884
1521 0.219438844953053
1522 0.24419812877699482
1523 0.26921115318350936
1524 0.29302112678858916
1525 0.3142298423640915
1526 0.33170128517751574
1527 0.34466615516657145
1528 0.35273992183920666
1529 0.3558840754428765
1530 0.35434093920183446
1531 0.3485638900047581
1532 0.3391542866459845
1533 0.32680839721853383
1534 0.31227363146019343
1535 0.2963126606147381
1536 0.27967484103306883
1537 0.2630751943255917
1538 0.24718122265125783
1539 0.23260702441646305
1540 0.21991296101976243
1541 0.20960801205116814
1542 0.2021512596032399
1543 0.1979487549302874
1544 0.1973423256216433
1545 0.20058769610602228
1546 0.20782076277939535
1547 0.21901325699778548
1548 0.23392261625394103
1549 0.25204565831501063
1550 0.27259087844185154
1551 0.29448791703216304
1552 0.3164517603312025
1553 0.3371102484754968
1554 0.3551858942824378
1555 0.3697016578625536
1556 0.38016402776903224
1557 0.3866721648625929
1558 0.38990913093999424
1559 0.39098930056747533
1560 0.3911703593641425
1561 0.39149374232771367
1562 0.39247781684594774
1563 0.39401072598532977
1564 0.3955349979758682
1565 0.39648926776985827
1566 0.39683045358811936
1567 0.397371253353248
1568 0.399678859528515
1569 0.4054218809462649
1570 0.4153316327172621
1571 0.42826324250473286
1572 0.44094886440207676
1573 0.44870614730287234
1574 0.4467605758294052
1575 0.4315250698384408
1576 0.4014565145461001
1577 0.3575211145557897
1578 0.3032804670761018
1579 0.2443250885963841
1580 0.18686607021578364
1581 0.13589089906702517
1582 0.093774794855638
1583 0.06004589047262441
1584 0.032301532344061586
1585 0.007664862246204865
1586 -0.015969920098090947
1587 -0.03938461764330599
1588 -0.06223477874742167
1589 -0.0837150564339416
1590 -0.103276405066866
1591 -0.12106225938529501
1592 -0.13793431284592825
1593 -0.15515739012904844
1594 -0.1739289209792998
1595 -0.1949559890905986
1596 -0.21822338453795584
1597 -0.24299881125105674
1598 -0.26803045961486593
1599 -0.2918398376462461
1600 -0.31300831626610204
1601 -0.330387193580812
1602 -0.34320561876130334
1603 -0.3510878804559384
1604 -0.3540108466246468
1605 -0.3522341077175059
1606 -0.34622651849674724
1607 -0.3366012751368588
1608 -0.324062712421627
1609 -0.3093634626968131
1610 -0.29326974582074555
1611 -0.27653356475894414
1612 -0.2598717792082606
1613 -0.24395244344460168
1614 -0.22938824890399448
1615 -0.2167357725840995
1616 -0.20649802190345068
1617 -0.19912687293552891
1618 -0.19502158256726568
1619 -0.19451962911655288
1620 -0.19787671873589857
1621 -0.20523404621981614
1622 -0.21657317689826236
1623 -0.23166269239786483
1624 -0.25000626713503205
1625 -0.270808460824096
1626 -0.29297979309630684
1627 -0.31520216023322106
1628 -0.33606475612343495
1629 -0.3542590065774695
1630 -0.3687960695723954
1631 -0.3791942576259792
1632 -0.3855832180749265
1633 -0.38868379469203673
1634 -0.38964290291098597
1635 -0.38973646225571806
1636 -0.39000675925323064
1637 -0.3909587367791118
1638 -0.3924606096131642
1639 -0.3939384543388807
1640 -0.3948268406801347
1641 -0.3950949202330415
1642 -0.3955801269351453
1643 -0.39787670743652837
1644 -0.4036716274290135
1645 -0.41369936667813995
1646 -0.4268011926213708
1647 -0.4396773132122534
1648 -0.44759300165144933
1649 -0.4457017162950754
1650 -0.43034201434134656
1651 -0.3999408660004707
1652 -0.3555373252215632
1653 -0.3008746538607981
1654 -0.24173780986251933
1655 -0.18440849773564597
1656 -0.13378165789570384
1657 -0.0920693703771577
1658 -0.05867860990900892
1659 -0.0311649114097597
1660 -0.00666381247033373
1661 0.016899808354280538
1662 0.040281247072717845
1663 0.06312236952017689
1664 0.08461549024245786
1665 0.10421299447018156
1666 0.12205594165549163
1667 0.13899709091023682
1668 0.15628797146392961
1669 0.17511261394392874
1670 0.1961686809022885
1671 0.21943884495305158
1672 0.24419812877699254
1673 0.26921115318350886
1674 0.2930211267885889
1675 0.3142298423640905
1676 0.33170128517751457
1677 0.3446661551665684
1678 0.3527399218392079
1679 0.3558840754428704
1680 0.3543409392018381
1681 0.34856389000475646
1682 0.33915428664598246
1683 0.32680839721853555
1684 0.3122736314601897
1685 0.2963126606147377
1686 0.27967484103306606
1687 0.2630751943255903
1688 0.24718122265125594
1689 0.23260702441646197
1690 0.21991296101976085
1691 0.2096080120511662
1692 0.20215125960323765
1693 0.19794875493028757
1694 0.19734232562163959
1695 0.20058769610602414
1696 0.2078207627793948
1697 0.21901325699778737
1698 0.23392261625394248
1699 0.2520456583150135
1700 0.2725908784418495
1701 0.294487917032167
1702 0.3164517603312005
1703 0.3371102484754987
1704 0.35518589428243735
1705 0.36970165786255527
1706 0.3801640277690337
1707 0.38667216486259237
1708 0.389909130939994
1709 0.3909893005674745
1710 0.39117035936414185
1711 0.3914937423277137
1712 0.3924778168459469
1713 0.39401072598532916
1714 0.39553499797586783
1715 0.39648926776985766
1716 0.3968304535881191
1717 0.3973712533532478
1718 0.3996788595285155
1719 0.40542188094626297
1720 0.41533163271726453
1721 0.42826324250473363
1722 0.4409488644020756
1723 0.4487061473028733
1724 0.44676057582940826
1725 0.43152506983844535
1726 0.401456514546094
1727 0.35752111455580393
1728 0.3032804670761042
1729 0.24432508859638366
1730 0.1868660702157916
1731 0.13589089906702467
1732 0.0937747948556453
1733 0.06004589047262279
1734 0.03230153234406969
1735 0.0076648622462032875
1736 -0.01596992009808654
1737 -0.03938461764330496
1738 -0.06223477874741864
1739 -0.08371505643394
1740 -0.10327640506686377
1741 -0.12106225938529364
1742 -0.13793431284592658
1743 -0.15515739012904756
1744 -0.17392892097929732
1745 -0.19495598909059947
1746 -0.21822338453795187
1747 -0.24299881125105505
1748 -0.2680304596148657
1749 -0.29183983764624344
1750 -0.31300831626610115
1751 -0.33038719358080965
1752 -0.34320561876130384
1753 -0.3510878804559346
1754 -0.35401084662464494
1755 -0.3522341077175066
1756 -0.3462265184967427
1757 -0.3366012751368616
1758 -0.3240627124216261
1759 -0.3093634626968115
1760 -0.2932697458207472
1761 -0.27653356475894414
1762 -0.2598717792082599
1763 -0.24395244344460254
1764 -0.22938824890399354
1765 -0.21673577258410032
1766 -0.20649802190344985
1767 -0.19912687293553027
1768 -0.1950215825672635
1769 -0.19451962911655207
1770 -0.19787671873589996
1771 -0.2052340462198126
1772 -0.2165731768982659
1773 -0.23166269239786524
1774 -0.25000626713503016
1775 -0.27080846082409926
1776 -0.29297979309630745
1777 -0.31520216023322106
1778 -0.3360647561234365
1779 -0.35425900657746967
1780 -0.3687960695723971
1781 -0.37919425762597775
1782 -0.38558321807492985
1783 -0.3886837946920347
1784 -0.3896429029109866
1785 -0.38973646225571856
1786 -0.39000675925323025
1787 -0.39095873677911197
1788 -0.39246060961316387
1789 -0.39393845433888086
1790 -0.39482684068013435
1791 -0.39509492023304166
1792 -0.39558012693514544
1793 -0.39787670743652775
1794 -0.4036716274290151
1795 -0.41369936667814156
1796 -0.4268011926213687
1797 -0.439677313212256
1798 -0.44759300165144805
1799 -0.44570171629507904
1800 -0.4303420143413404
1801 -0.39994086600048234
1802 -0.355537325221566
1803 -0.30087465386079376
1804 -0.2417378098625306
1805 -0.18440849773563978
1806 -0.1337816578957111
1807 -0.09206937037715451
1808 -0.05867860990901591
1809 -0.031164911409761156
1810 -0.006663812470335263
1811 0.016899808354277554
1812 0.04028124707271659
1813 0.06312236952017444
1814 0.08461549024245615
1815 0.10421299447017994
1816 0.12205594165549004
1817 0.13899709091023538
1818 0.15628797146392784
1819 0.17511261394392869
1820 0.1961686809022882
1821 0.21943884495304902
1822 0.24419812877699418
1823 0.2692111531835053
1824 0.2930211267885885
1825 0.31422984236408874
1826 0.3317012851775147
1827 0.34466615516656823
1828 0.3527399218392059
1829 0.3558840754428724
1830 0.35434093920183385
1831 0.34856389000475524
1832 0.3391542866459833
1833 0.32680839721853155
1834 0.31227363146019227
1835 0.2963126606147366
1836 0.2796748410330678
1837 0.26307519432559034
1838 0.2471812226512569
1839 0.23260702441646197
1840 0.2199129610197615
1841 0.2096080120511671
1842 0.2021512596032391
1843 0.1979487549302863
1844 0.19734232562164253
1845 0.20058769610602142
1846 0.20782076277939437
1847 0.21901325699778448
1848 0.23392261625394004
1849 0.2520456583150097
1850 0.27259087844185054
1851 0.29448791703216204
1852 0.31645176033120176
1853 0.33711024847549603
1854 0.35518589428243724
1855 0.36970165786255255
1856 0.38016402776903474
1857 0.38667216486259204
1858 0.3899091309399953
1859 0.39098930056747505
1860 0.3911703593641431
1861 0.39149374232771367
1862 0.39247781684594796
1863 0.39401072598532966
1864 0.39553499797586833
1865 0.39648926776985827
1866 0.3968304535881195
1867 0.39737125335324824
1868 0.3996788595285152
1869 0.40542188094626186
1870 0.41533163271726276
1871 0.42826324250473113
1872 0.44094886440207676
1873 0.4487061473028715
1874 0.4467605758294052
1875 0.4315250698384405
1876 0.40145651454610015
1877 0.35752111455578994
1878 0.3032804670761022
1879 0.2443250885963842
1880 0.18686607021578389
1881 0.13589089906702526
1882 0.09377479485563812
1883 0.06004589047262429
1884 0.032301532344061704
1885 0.007664862246204922
1886 -0.015969920098091055
1887 -0.03938461764330599
1888 -0.06223477874742167
1889 -0.0837150564339415
1890 -0.10327640506686611
1891 -0.12106225938529501
1892 -0.1379343128459283
1893 -0.15515739012904853
1894 -0.17392892097929974
1895 -0.1949559890905987
1896 -0.21822338453795606
1897 -0.24299881125105674
1898 -0.268030459614866
1899 -0.29183983764624616
1900 -0.31300831626610215
1901 -0.33038719358081187
1902 -0.34320561876130357
1903 -0.3510878804559384
1904 -0.3540108466246471
1905 -0.3522341077175061
1906 -0.3462265184967473
1907 -0.33660127513685917
1908 -0.3240627124216275
1909 -0.3093634626968135
1910 -0.2932697458207463
1911 -0.27653356475894453
1912 -0.25987177920826104
1913 -0.24395244344460223
1914 -0.22938824890399465
1915 -0.21673577258410012
1916 -0.2064980219034511
1917 -0.1991268729355292
1918 -0.19502158256726576
1919 -0.19451962911655288
1920 -0.19787671873589843
1921 -0.20523404621981625
1922 -0.21657317689826236
1923 -0.2316626923978649
1924 -0.25000626713503177
1925 -0.2708084608240959
1926 -0.2929797930963068
1927 -0.31520216023322106
1928 -0.33606475612343495
1929 -0.35425900657746967
1930 -0.36879606957239514
1931 -0.3791942576259791
1932 -0.3855832180749265
1933 -0.38868379469203673
1934 -0.3896429029109859
1935 -0.3897364622557181
1936 -0.3900067592532306
1937 -0.39095873677911214
1938 -0.3924606096131642
1939 -0.39393845433888086
1940 -0.39482684068013485
1941 -0.3950949202330415
1942 -0.3955801269351456
1943 -0.3978767074365285
1944 -0.40367162742901347
1945 -0.41369936667814006
1946 -0.42680119262137084
1947 -0.4396773132122533
1948 -0.44759300165144916
1949 -0.44570171629507543
1950 -0.4303420143413466
1951 -0.39994086600047085
1952 -0.3555373252215637
1953 -0.30087465386079865
1954 -0.24173780986251983
1955 -0.18440849773564671
1956 -0.13378165789570426
1957 -0.09206937037715827
1958 -0.05867860990900932
1959 -0.031164911409759907
1960 -0.006663812470334058
1961 0.016899808354280368
1962 0.04028124707271779
1963 0.06312236952017646
1964 0.08461549024245746
1965 0.10421299447018137
1966 0.12205594165549136
1967 0.1389970909102366
1968 0.15628797146392917
1969 0.17511261394392852
1970 0.19616868090228815
1971 0.21943884495305133
1972 0.24419812877699196
1973 0.2692111531835084
1974 0.2930211267885883
1975 0.3142298423640904
1976 0.33170128517751435
1977 0.3446661551665707
1978 0.3527399218392075
1979 0.3558840754428716
1980 0.35434093920183835
1981 0.34856389000475746
1982 0.3391542866459832
1983 0.3268083972185365
1984 0.3122736314601905
1985 0.29631266061473843
1986 0.27967484103306656
1987 0.2630751943255909
1988 0.24718122265125636
1989 0.23260702441646267
1990 0.21991296101976124
1991 0.20960801205116672
1992 0.202151259603238
1993 0.1979487549302879
1994 0.1973423256216399
1995 0.2005876961060244
1996 0.2078207627793949
1997 0.21901325699778737
1998 0.23392261625394248
1999 0.25204565831501335
