0 0.0
1 0.0
2 9.129606620943488E-4
3 0.05551539040600497
4 0.09026634444892534
5 0.13969995848603603
6 0.17157110285202176
7 0.20060081987864978
8 0.21703908775815345
9 0.23031406995345693
10 0.23915181486738385
11 0.24844227440091643
12 0.2573449587120943
13 0.2667519684329123
14 0.2752883641035488
15 0.28289191426072446
16 0.289365017059861
17 0.29560127595664143
18 0.30258353065887156
19 0.311447729772902
20 0.3227932091808003
21 0.3366431971638554
22 0.3523126872569282
23 0.3686624873809999
24 0.38432962940300647
25 0.3980317720536173
26 0.40874308247617563
27 0.4157932572092792
28 0.4188551165121642
29 0.41788951373558986
30 0.41306604587211887
31 0.4046980432531534
32 0.3931948806977492
33 0.3790361520346966
34 0.36275793181059185
35 0.344945551389757
36 0.32622571695310265
37 0.3072561029326148
38 0.2887118020618761
39 0.2712704331151198
40 0.25559710323674356
41 0.2423297607558965
42 0.23206370091685483
43 0.22533280810771947
44 0.22258428533093746
45 0.22414396548004714
46 0.23017091414745827
47 0.24060352659515424
48 0.25510473014504603
49 0.27302058699143933
50 0.29337216693263296
51 0.31490103440392914
52 0.3361800009496161
53 0.3557824423888782
54 0.3724816017104629
55 0.38543689059305625
56 0.39432493612905384
57 0.3993856476041634
58 0.4013669020333861
59 0.4013611623298643
60 0.40054438796525266
61 0.39986606160597704
62 0.39979059713656745
63 0.40021491864115294
64 0.4006427004438909
65 0.4005840439114837
66 0.40002352133018065
67 0.3997223727295865
68 0.4011287695840295
69 0.4057898484769792
70 0.41440868356070704
71 0.4259876602262512
72 0.43760282063082684
73 0.4450400885974309
74 0.44395557495662924
75 0.4309453966336569
76 0.4042094792112838
77 0.36394469585898626
78 0.312630574110601
79 0.25496521274168793
80 0.19693419574655277
81 0.14397205375494818
82 0.09915379912671558
83 0.06258031277589927
84 0.03218366825752531
85 0.005223881519231443
86 -0.02040333137751543
87 -0.045553515731373485
88 -0.06997319804971619
89 -0.09292180933677592
90 -0.11386904080492996
91 -0.13293260612915772
92 -0.1509213267169735
93 -0.16904580305819877
94 -0.18847055765617424
95 -0.2098996279886744
96 -0.2333386765205442
97 -0.25809106122621495
98 -0.2829545641897667
99 -0.3065215718822337
100 -0.3274701460212164
101 -0.3447655005285063
102 -0.35774628728935026
103 -0.3661164603149233
104 -0.36988384088951576
105 -0.3692831335280219
106 -0.3647066562493682
107 -0.3566516928647375
108 -0.3456842078381348
109 -0.33241481950805646
110 -0.3174825288490608
111 -0.3015428205505293
112 -0.28525811161450565
113 -0.26928949288097825
114 -0.2542891073178691
115 -0.24089239417251596
116 -0.22970896553645948
117 -0.22131027438228315
118 -0.21621170686122634
119 -0.21484656420363696
120 -0.21752996712438338
121 -0.22441250601990126
122 -0.235426949770156
123 -0.2502365895605141
124 -0.2681998257113534
125 -0.28836971689425006
126 -0.3095454516884792
127 -0.33038222416653296
128 -0.34954858435379055
129 -0.36590358747956747
130 -0.3786588070160039
131 -0.38749464933298106
132 -0.39260918440565623
133 -0.39468212986108975
134 -0.3947385448461707
135 -0.39391145228949925
136 -0.39314386919846706
137 -0.39292748692976687
138 -0.39320515113467214
139 -0.39352388749212475
140 -0.3934153050324587
141 -0.3928545025464226
142 -0.3925700647576192
143 -0.3939810221281042
144 -0.3986462700160308
145 -0.407349546882264
146 -0.4192380321331186
147 -0.43154812955601735
148 -0.440160939082992
149 -0.4406821407122248
150 -0.42947508362231074
151 -0.4043716726625745
152 -0.3652124327558571
153 -0.3143215287345202
154 -0.25651937370490563
155 -0.1980651386393275
156 -0.1446423638418327
157 -0.09949962997009004
158 -0.06285095747857415
159 -0.03267076583646689
160 -0.006185415618021774
161 0.01879028083450446
162 0.04320045436333536
163 0.06685864614732628
164 0.08905556332273683
165 0.10926025333652055
166 0.1275777552003785
167 0.1448152725098732
168 0.1622048808365866
169 0.18095294216088417
170 0.20181353239501387
171 0.22483451042835312
172 0.24933669835327146
173 0.2740973371882659
174 0.29764794731604455
175 0.3185787747501767
176 0.33576529393083704
177 0.34847943684610816
178 0.35639500816754144
179 0.35952484574095467
180 0.35813221423559805
181 0.35264779930873824
182 0.3436073867617693
183 0.3316119287391313
184 0.31730435788587935
185 0.30135568667148616
186 0.28445452085087103
187 0.2672969141417675
188 0.2505758834197075
189 0.23497109339239142
190 0.22113914730649284
191 0.20970399336735637
192 0.20124572890739922
193 0.19628503661270635
194 0.195259982185228
195 0.19849227528744462
196 0.20614176125856126
197 0.2181513488523523
198 0.234190033744331
199 0.25360850914652655
200 0.275427761379294
201 0.29838192589883256
202 0.32102823831576643
203 0.341918314089614
204 0.359802187497804
205 0.3738208207485259
206 0.3836426055616473
207 0.3895120513833142
208 0.39219332527280004
209 0.39280246244603084
210 0.39254018182337175
211 0.39237615105564494
212 0.3927867871885349
213 0.39367244608132024
214 0.3945344803881459
215 0.3948798050155524
216 0.3946938389087967
217 0.39474526426308554
218 0.39649497506752085
219 0.4015031021666296
220 0.4104792023864481
221 0.42241993897094926
222 0.4343818792831961
223 0.44212239614247484
224 0.4412696301395005
225 0.4284020997332295
226 0.4017184055050141
227 0.3614323135766357
228 0.31005683799791744
229 0.25233212626727497
230 0.19427906733805808
231 0.14134719481215724
232 0.09660581767147151
233 0.0601402358214789
234 0.029867623080183744
235 0.003038002085649566
236 -0.022458416075806547
237 -0.04748001812383354
238 -0.07177503453471976
239 -0.09460419391997714
240 -0.11543811678857158
241 -0.13439485058093786
242 -0.15228287978314486
243 -0.1703120009652144
244 -0.18964581792607327
245 -0.21098766407973601
246 -0.23434293261816677
247 -0.2590152321880962
248 -0.28380305055256444
249 -0.307299727269973
250 -0.3281842388315625
251 -0.34542241793473716
252 -0.35835309564551193
253 -0.366679957164341
254 -0.3704101971850002
255 -0.36977766813182716
256 -0.36517373981006795
257 -0.35709475513591904
258 -0.34610581687018405
259 -0.3328168044020611
260 -0.31786612361397026
261 -0.30190881210425474
262 -0.285606979415042
263 -0.26962153129253696
264 -0.2546045249588427
265 -0.2411913873297968
266 -0.22999176526715587
267 -0.22157716911090694
268 -0.21646304412760498
269 -0.21508273682504736
270 -0.21775139053063872
271 -0.22461959488627462
272 -0.23562010292516328
273 -0.2504161915721347
274 -0.26836627029957355
275 -0.2885234506005187
276 -0.30968702710793433
277 -0.33051234423382747
278 -0.3496681177219286
279 -0.36601354267806785
280 -0.37876026719135214
281 -0.3875886832018592
282 -0.39269675660152903
283 -0.39476403344644584
284 -0.39481537208669243
285 -0.3939836091117361
286 -0.39321162623446126
287 -0.3929910488116772
288 -0.39326471961263904
289 -0.39357969588050423
290 -0.3934676121407541
291 -0.39290355135086585
292 -0.39261602838766546
293 -0.39402396861116423
294 -0.3986861718288146
295 -0.4073863434078614
296 -0.41927172983400535
297 -0.4315789029628156
298 -0.44018918535210283
299 -0.44070845606892145
300 -0.42950016729737694
301 -0.40439619133854166
302 -0.3652368816942977
303 -0.31434612805308404
304 -0.25654404723520485
305 -0.19808959867575113
306 -0.1446662567411048
307 -0.09952265831736933
308 -0.06287293164617715
309 -0.03269159641348721
310 -0.006205080929874563
311 0.01877176655798522
312 0.04318306142431184
313 0.0668423378039773
314 0.08904029699990007
315 0.10924598060063725
316 0.12756442392237455
317 0.14480283101943484
318 0.1621932820301604
319 0.18094214586681506
320 0.2018035053878008
321 0.2248252242226976
322 0.2493281253336685
323 0.2740894460887019
324 0.29764069943460086
325 0.3185721221659335
326 0.3357591802924917
327 0.3484738003828313
328 0.35638978591468007
329 0.3595199778222378
330 0.35812764731841656
331 0.35264348879306634
332 0.34360329765057224
333 0.3316080353764398
334 0.31730064285545856
335 0.30135213917640646
336 0.2844511348799076
337 0.2672936866859686
338 0.25057281293657174
339 0.23496817863499725
340 0.22113638655587342
341 0.20970138404339175
342 0.20124326749402954
343 0.19628271881600182
344 0.19525780324027664
345 0.1984902303330183
346 0.2061398457004892
347 0.21814955863569493
348 0.23418836545552194
349 0.2536069598804508
350 0.2754263283460704
351 0.29838060581824344
352 0.32102702674182576
353 0.3419172048850014
354 0.3598011726827878
355 0.3738198908485699
356 0.3836417504001957
357 0.38951126109636053
358 0.39219259124274286
359 0.39280177789060533
360 0.39253954190179724
361 0.3923755525167889
362 0.3927862277312537
363 0.3936719236812778
364 0.39453399284461294
365 0.39487934988256385
366 0.3946934138127233
367 0.3947448674231287
368 0.3964946057130811
369 0.401502760559613
370 0.41047888930753895
371 0.42241965475415705
372 0.43438162272459335
373 0.4421221637765617
374 0.4412694162817425
375 0.4284018973031296
376 0.40171820732117086
377 0.36143211380617657
378 0.31005663347239415
379 0.2523319171542633
380 0.19427885659550487
381 0.1413469865734852
382 0.0966056156084916
383 0.06014004236996624
384 0.029867439499582666
385 0.003037828849190321
386 -0.02245857892669845
387 -0.047480170770289924
388 -0.0717751772915688
389 -0.09460432720410175
390 -0.1154382410897863
391 -0.13439496641472565
392 -0.1522829876375083
393 -0.1703121012638081
394 -0.18964591101933093
395 -0.21098775026211292
396 -0.23434301216276837
397 -0.25901530538795586
398 -0.28380311775669104
399 -0.3072997889028965
400 -0.3281842953902338
401 -0.3454224699650338
402 -0.3583531437074006
403 -0.36668000179640303
404 -0.37041023887610564
405 -0.3697777073033001
406 -0.3651737768080832
407 -0.35709479023209795
408 -0.34610585026787244
409 -0.33281683624605957
410 -0.31786615400192925
411 -0.3019088410984011
412 -0.28560700705324465
413 -0.2696215575980016
414 -0.2546045499479861
415 -0.2411914110180632
416 -0.22999178767275408
417 -0.22157719025660128
418 -0.2164630640408549
419 -0.2150827555369108
420 -0.21775140807398008
421 -0.22461961129390856
422 -0.23562011822866294
423 -0.25041620580195373
424 -0.26836628348690006
425 -0.2885234627807342
426 -0.3096870383248296
427 -0.3305123545431043
428 -0.3496681271924236
429 -0.36601355138969494
430 -0.378760275229937
431 -0.3875886906520795
432 -0.39269676353981603
433 -0.3947640399356329
434 -0.3948153781737035
435 -0.3939836148287299
436 -0.3932116316028773
437 -0.39299105384772415
438 -0.3932647243322991
439 -0.3935797003022611
440 -0.3934676162851114
441 -0.39290355523707354
442 -0.3926160320294384
443 -0.3940239720138907
444 -0.398686174990312
445 -0.40738634632332554
446 -0.4192717325039457
447 -0.43157890540106064
448 -0.4401891875901206
449 -0.44070845815395293
450 -0.4295001692848213
451 -0.40439619328122545
452 -0.365236883631462
453 -0.3143461300021683
454 -0.2565440491901788
455 -0.19808960061381178
456 -0.14466625863423624
457 -0.09952266014200153
458 -0.06287293338728535
459 -0.032691598063985985
460 -0.006205082488044911
461 0.018771765091014143
462 0.0431830600461891
463 0.06684233651179021
464 0.08904029579027715
465 0.10924597946974
466 0.12756442286607358
467 0.1448028300336355
468 0.1621932811111308
469 0.1809421450113716
470 0.20180350459331148
471 0.2248252234869058
472 0.2493281246543859
473 0.27408944546345115
474 0.29764069886031497
475 0.31857212163881615
476 0.3357591798080777
477 0.34847379993622574
478 0.35638978550089534
479 0.3595199774365284
480 0.3581276469565572
481 0.35264348845152316
482 0.34360329732657147
483 0.33160803506794967
484 0.31730064256109813
485 0.3013521388953214
486 0.2844511346116211
487 0.2672936864302417
488 0.2505728126932828
489 0.23496817840404696
490 0.22113638633712562
491 0.20970138383664264
492 0.20124326729900008
493 0.19628271863235217
494 0.1952578030676281
495 0.19849023017098708
496 0.20613984554871023
497 0.2181495584938469
498 0.23418836532333617
499 0.2536069597576952
500 0.27542632823252444
501 0.2983806057136472
502 0.32102702664582694
503 0.34191720479711374
504 0.3598011726023786
505 0.3738198907748893
506 0.38364175033243725
507 0.3895112610337422
508 0.39219259118458244
509 0.3928017778363646
510 0.39253954185109313
511 0.3923755524693637
512 0.3927862276869251
513 0.3936719236398855
514 0.39453399280598234
515 0.39487934984650125
516 0.3946934137790409
517 0.3947448673916852
518 0.39649460568381517
519 0.4015027605325452
520 0.41047888928273263
521 0.4224196547316369
522 0.43438162270426484
523 0.44212216375815017
524 0.44126941626479843
525 0.4284018972870888
526 0.4017182073054668
527 0.36143211379034784
528 0.31005663345618834
529 0.25233191713769576
530 0.19427885657880709
531 0.1413469865569858
532 0.09660561559248125
533 0.06014004235463863
534 0.029867439485036843
535 0.003037828835464777
536 -0.0224585789396014
537 -0.04748017078238445
538 -0.07177517730288005
539 -0.0946043272146617
540 -0.1154382410996352
541 -0.13439496642390325
542 -0.152282987646054
543 -0.17031210127175495
544 -0.1896459110267066
545 -0.21098775026894148
546 -0.2343430121690706
547 -0.2590153053937559
548 -0.28380311776201583
549 -0.30729978890778
550 -0.3281842953947155
551 -0.345422469969156
552 -0.35835314371120863
553 -0.36668000179993937
554 -0.37041023887940894
555 -0.369777707306404
556 -0.3651737768110146
557 -0.35709479023487883
558 -0.3461058502705187
559 -0.3328168362485827
560 -0.31786615400433715
561 -0.30190884110069854
562 -0.28560700705543474
563 -0.26962155760008555
564 -0.25460454994996656
565 -0.24119141101994016
566 -0.22999178767452955
567 -0.22157719025827677
568 -0.21646306404243276
569 -0.21508275553839323
570 -0.21775140807536977
571 -0.2246196112952087
572 -0.2356201182298751
573 -0.2504162058030814
574 -0.26836628348794506
575 -0.28852346278169905
576 -0.30968703832571826
577 -0.3305123545439211
578 -0.3496681271931737
579 -0.366013551390385
580 -0.37876027523057365
581 -0.38758869065266993
582 -0.39269676354036587
583 -0.39476403993614717
584 -0.39481537817418605
585 -0.3939836148291831
586 -0.3932116316033026
587 -0.3929910538481231
588 -0.3932647243326735
589 -0.39357970030261147
590 -0.3934676162854401
591 -0.3929035552373812
592 -0.39261603202972706
593 -0.39402397201416056
594 -0.3986861749905623
595 -0.4073863463235566
596 -0.419271732504157
597 -0.43157890540125377
598 -0.4401891875902975
599 -0.4407084581541182
600 -0.4295001692849788
601 -0.4043961932813796
602 -0.36523688363161594
603 -0.31434613000232275
604 -0.2565440491903344
605 -0.19808960061396577
606 -0.14466625863438656
607 -0.09952266014214611
608 -0.06287293338742331
609 -0.032691598064116874
610 -0.0062050824881684855
611 0.018771765090897532
612 0.043183060046079344
613 0.06684233651168806
614 0.08904029579018118
615 0.10924597946965033
616 0.1275644228659898
617 0.144802830033557
618 0.1621932811110579
619 0.18094214501130365
620 0.2018035045932483
621 0.22482522348684753
622 0.249328124654332
623 0.27408944546340147
624 0.29764069886026956
625 0.3185721216387745
626 0.33575917980803927
627 0.3484737999361902
628 0.3563897855008626
629 0.35951997743649766
630 0.3581276469565285
631 0.35264348845149635
632 0.3436032973265456
633 0.3316080350679255
634 0.3173006425610751
635 0.3013521388952993
636 0.2844511346115999
637 0.2672936864302218
638 0.2505728126932635
639 0.23496817840402912
640 0.2211363863371085
641 0.20970138383662631
642 0.2012432672989842
643 0.19628271863233757
644 0.19525780306761473
645 0.19849023017097372
646 0.20613984554869771
647 0.21814955849383552
648 0.2341883653233243
649 0.2536069597576853
650 0.27542632823251434
651 0.2983806057136387
652 0.3210270266458186
653 0.3419172047971063
654 0.3598011726023723
655 0.3738198907748828
656 0.38364175033243164
657 0.38951126103373684
658 0.3921925911845784
659 0.3928017778363596
660 0.3925395418510894
661 0.3923755524693597
662 0.3927862276869217
663 0.3936719236398822
664 0.39453399280597934
665 0.39487934984649836
666 0.3946934137790381
667 0.3947448673916828
668 0.3964946056838126
669 0.4015027605325426
670 0.4104788892827308
671 0.4224196547316349
672 0.43438162270426306
673 0.4421221637581488
674 0.4412694162647956
675 0.42840189728709016
676 0.401718207305468
677 0.36143211379034274
678 0.31005663345618956
679 0.25233191713769304
680 0.1942788565788072
681 0.14134698655698386
682 0.09660561559248106
683 0.06014004235463713
684 0.029867439485035077
685 0.0030378288354647206
686 -0.0224585789396032
687 -0.047480170782385166
688 -0.071775177302881
689 -0.09460432721466297
690 -0.1154382410996361
691 -0.13439496642390397
692 -0.15228298764605494
693 -0.17031210127175572
694 -0.18964591102670691
695 -0.21098775026894157
696 -0.23434301216907139
697 -0.2590153053937557
698 -0.2838031177620155
699 -0.3072997889077805
700 -0.32818429539471533
701 -0.3454224699691564
702 -0.35835314371120924
703 -0.36668000179993876
704 -0.3704102388794094
705 -0.3697777073064034
706 -0.36517377681101604
707 -0.35709479023487845
708 -0.34610585027051977
709 -0.33281683624858355
710 -0.31786615400433677
711 -0.3019088411006994
712 -0.28560700705543496
713 -0.26962155760008666
714 -0.25460454994996623
715 -0.2411914110199407
716 -0.22999178767452982
717 -0.22157719025827766
718 -0.21646306404243248
719 -0.2150827555383943
720 -0.21775140807536925
721 -0.22461961129520955
722 -0.2356201182298751
723 -0.25041620580308094
724 -0.26836628348794395
725 -0.2885234627817001
726 -0.30968703832571726
727 -0.3305123545439213
728 -0.34966812719317364
729 -0.36601355139038527
730 -0.3787602752305737
731 -0.38758869065267054
732 -0.392696763540365
733 -0.3947640399361477
734 -0.3948153781741859
735 -0.3939836148291838
736 -0.3932116316033022
737 -0.3929910538481235
738 -0.39326472433267284
739 -0.39357970030261147
740 -0.39346761628543975
741 -0.3929035552373817
742 -0.3926160320297272
743 -0.3940239720141609
744 -0.3986861749905623
745 -0.4073863463235567
746 -0.41927173250415634
747 -0.4315789054012548
748 -0.44018918759029746
749 -0.44070845815411863
750 -0.4295001692849788
751 -0.40439619328138016
752 -0.3652368836316161
753 -0.3143461300023269
754 -0.2565440491903312
755 -0.19808960061396882
756 -0.1446662586343852
757 -0.09952266014214711
758 -0.06287293338742458
759 -0.032691598064117075
760 -0.006205082488169142
761 0.0187717650908973
762 0.043183060046079046
763 0.06684233651168774
764 0.08904029579018051
765 0.10924597946964992
766 0.1275644228659893
767 0.14480283003355693
768 0.1621932811110572
769 0.1809421450113034
770 0.20180350459324894
771 0.22482522348684678
772 0.24932812465433288
773 0.2740894454634008
774 0.2976406988602697
775 0.3185721216387742
776 0.33575917980803927
777 0.348473799936191
778 0.35638978550086303
779 0.35951997743649783
780 0.35812764695652877
781 0.35264348845149573
782 0.3436032973265466
783 0.33160803506792397
784 0.3173006425610752
785 0.30135213889529866
786 0.28445113461160093
787 0.26729368643022106
788 0.2505728126932644
789 0.23496817840402853
790 0.221136386337109
791 0.20970138383662681
792 0.2012432672989851
793 0.19628271863233798
794 0.19525780306761562
795 0.19849023017097447
796 0.20613984554869869
797 0.2181495584938346
798 0.23418836532332615
799 0.2536069597576838
800 0.27542632823251445
801 0.2983806057136383
802 0.32102702664581956
803 0.3419172047971059
804 0.3598011726023723
805 0.3738198907748828
806 0.3836417503324317
807 0.38951126103373684
808 0.3921925911845787
809 0.39280177783636006
810 0.39253954185108997
811 0.39237555246936
812 0.3927862276869221
813 0.3936719236398825
814 0.3945339928059795
815 0.3948793498464985
816 0.39469341377903844
817 0.394744867391683
818 0.3964946056838126
819 0.40150276053254264
820 0.41047888928273085
821 0.4224196547316339
822 0.43438162270426306
823 0.4421221637581485
824 0.44126941626479427
825 0.42840189728708794
826 0.4017182073054681
827 0.36143211379034185
828 0.31005663345618945
829 0.2523319171376924
830 0.19427885657880806
831 0.14134698655698322
832 0.09660561559247978
833 0.060140042354638185
834 0.029867439485035077
835 0.003037828835465391
836 -0.022458578939603097
837 -0.04748017078238445
838 -0.0717751773028809
839 -0.09460432721466223
840 -0.1154382410996361
841 -0.13439496642390358
842 -0.1522829876460547
843 -0.1703121012717551
844 -0.18964591102670772
845 -0.21098775026894323
846 -0.23434301216907197
847 -0.2590153053937565
848 -0.28380311776201594
849 -0.307299788907781
850 -0.3281842953947155
851 -0.34542246996915715
852 -0.3583531437112099
853 -0.3666800017999401
854 -0.3704102388794112
855 -0.36977770730640336
856 -0.3651737768110145
857 -0.35709479023487856
858 -0.3461058502705188
859 -0.3328168362485833
860 -0.3178661540043358
861 -0.3019088411006992
862 -0.2856070070554346
863 -0.2696215576000868
864 -0.2546045499499661
865 -0.24119141101994046
866 -0.22999178767452982
867 -0.22157719025827766
868 -0.21646306404243312
869 -0.21508275553839387
870 -0.21775140807536933
871 -0.22461961129521002
872 -0.23562011822987533
873 -0.25041620580308127
874 -0.2683662834879428
875 -0.28852346278169916
876 -0.30968703832571615
877 -0.3305123545439211
878 -0.349668127193173
879 -0.3660135513903849
880 -0.37876027523057354
881 -0.3875886906526702
882 -0.3926967635403647
883 -0.39476403993614717
884 -0.3948153781741857
885 -0.39398361482918365
886 -0.3932116316033022
887 -0.39299105384812366
888 -0.39326472433267334
889 -0.39357970030261147
890 -0.3934676162854401
891 -0.39290355523738146
892 -0.3926160320297272
893 -0.3940239720141609
894 -0.3986861749905624
895 -0.4073863463235556
896 -0.4192717325041552
897 -0.4315789054012536
898 -0.4401891875902968
899 -0.4407084581541166
900 -0.42950016928497614
901 -0.4043961932813794
902 -0.36523688363161455
903 -0.3143461300023261
904 -0.25654404919032975
905 -0.198089600613968
906 -0.1446662586343844
907 -0.09952266014214547
908 -0.06287293338742224
909 -0.032691598064117075
910 -0.006205082488168264
911 0.018771765090897473
912 0.04318306004607995
913 0.06684233651168774
914 0.08904029579018118
915 0.1092459794696506
916 0.12756442286598993
917 0.14480283003355723
918 0.16219328111105746
919 0.1809421450113038
920 0.2018035045932487
921 0.22482522348684725
922 0.24932812465433302
923 0.2740894454634013
924 0.2976406988602704
925 0.3185721216387741
926 0.3357591798080391
927 0.3484737999361908
928 0.3563897855008636
929 0.3595199774364999
930 0.35812764695652866
931 0.35264348845149673
932 0.3436032973265468
933 0.33160803506792474
934 0.317300642561076
935 0.3013521388952994
936 0.28445113461160115
937 0.26729368643022167
938 0.2505728126932647
939 0.23496817840402923
940 0.22113638633710941
941 0.2097013838366273
942 0.20124326729898526
943 0.1962827186323383
944 0.19525780306761614
945 0.1984902301709747
946 0.20613984554869874
947 0.2181495584938346
948 0.23418836532332632
949 0.2536069597576838
950 0.2754263282325147
951 0.2983806057136384
952 0.3210270266458198
953 0.3419172047971059
954 0.3598011726023726
955 0.373819890774883
956 0.3836417503324319
957 0.38951126103373684
958 0.39219259118457855
959 0.39280177783635983
960 0.39253954185108997
961 0.39237555246936
962 0.3927862276869222
963 0.3936719236398825
964 0.3945339928059797
965 0.39487934984649864
966 0.39469341377903844
967 0.394744867391683
968 0.3964946056838126
969 0.40150276053254264
970 0.41047888928273085
971 0.42241965473163373
972 0.4343816227042628
973 0.4421221637581483
974 0.44126941626479405
975 0.42840189728708794
976 0.401718207305468
977 0.36143211379034207
978 0.31005663345618956
979 0.25233191713769243
980 0.1942788565788086
981 0.14134698655698305
982 0.09660561559248038
983 0.060140042354635694
984 0.029867439485035722
985 0.00303782883546433
986 -0.0224585789396032
987 -0.047480170782385256
988 -0.07177517730288137
989 -0.09460432721466279
990 -0.11543824109963617
991 -0.1343949664239044
992 -0.15228298764605447
993 -0.17031210127175567
994 -0.18964591102670797
995 -0.2109877502689435
996 -0.2343430121690717
997 -0.2590153053937565
998 -0.28380311776201594
999 -0.30729978890778115
1000 -0.32818429539471533
1001 -0.34542246996915715
1002 -0.35835314371121035
1003 -0.36668000179994026
1004 -0.3704102388794109
1005 -0.3697777073064036
1006 -0.3651737768110145
1007 -0.35709479023487833
1008 -0.34610585027051893
1009 -0.33281683624858355
1010 -0.317866154004336
1011 -0.3019088411006992
1012 -0.2856070070554346
1013 -0.2696215576000865
1014 -0.2546045499499663
1015 -0.24119141101994046
1016 -0.22999178767452982
1017 -0.22157719025827766
1018 -0.2164630640424329
1019 -0.21508275553839387
1020 -0.21775140807536933
1021 -0.22461961129521008
1022 -0.23562011822987486
1023 -0.2504162058030808
1024 -0.26836628348794284
1025 -0.2885234627816987
1026 -0.3096870383257161
1027 -0.33051235454392147
1028 -0.349668127193173
1029 -0.36601355139038483
1030 -0.37876027523057326
1031 -0.3875886906526702
1032 -0.3926967635403647
1033 -0.3947640399361474
1034 -0.3948153781741857
1035 -0.39398361482918404
1036 -0.3932116316033021
1037 -0.3929910538481238
1038 -0.3932647243326735
1039 -0.39357970030261175
1040 -0.3934676162854401
1041 -0.3929035552373817
1042 -0.3926160320297272
1043 -0.3940239720141609
1044 -0.3986861749905626
1045 -0.4073863463235556
1046 -0.41927173250415506
1047 -0.4315789054012536
1048 -0.4401891875902966
1049 -0.4407084581541169
1050 -0.4295001692849763
1051 -0.40439619328137977
1052 -0.36523688363161455
1053 -0.31434613000232664
1054 -0.25654404919033
1055 -0.19808960061396813
1056 -0.14466625863438481
1057 -0.09952266014214557
1058 -0.06287293338742263
1059 -0.032691598064117075
1060 -0.006205082488168374
1061 0.018771765090897587
1062 0.043183060046079774
1063 0.06684233651168774
1064 0.08904029579018136
1065 0.10924597946965005
1066 0.12756442286598993
1067 0.14480283003355715
1068 0.16219328111105746
1069 0.1809421450113037
1070 0.2018035045932487
1071 0.2248252234868472
1072 0.24932812465433288
1073 0.27408944546340114
1074 0.29764069886026967
1075 0.3185721216387742
1076 0.3357591798080391
1077 0.3484737999361908
1078 0.3563897855008636
1079 0.35951997743650016
1080 0.358127646956529
1081 0.35264348845149673
1082 0.34360329732654693
1083 0.3316080350679249
1084 0.3173006425610764
1085 0.3013521388952996
1086 0.2844511346116015
1087 0.26729368643022167
1088 0.25057281269326503
1089 0.23496817840402934
1090 0.22113638633710941
1091 0.20970138383662665
1092 0.20124326729898534
1093 0.19628271863233798
1094 0.19525780306761614
1095 0.19849023017097414
1096 0.20613984554869874
1097 0.2181495584938346
1098 0.23418836532332632
1099 0.2536069597576838
1100 0.2754263282325144
1101 0.2983806057136382
1102 0.32102702664581956
1103 0.34191720479710586
1104 0.3598011726023725
1105 0.373819890774883
1106 0.3836417503324317
1107 0.38951126103373684
1108 0.39219259118457844
1109 0.39280177783635983
1110 0.3925395418510898
1111 0.39237555246936
1112 0.3927862276869219
1113 0.3936719236398822
1114 0.39453399280597967
1115 0.39487934984649864
1116 0.39469341377903877
1117 0.3947448673916828
1118 0.3964946056838126
1119 0.4015027605325426
1120 0.4104788892827308
1121 0.42241965473163373
1122 0.4343816227042629
1123 0.4421221637581483
1124 0.44126941626479427
1125 0.4284018972870882
1126 0.4017182073054682
1127 0.36143211379034224
1128 0.3100566334561901
1129 0.252331917137693
1130 0.19427885657880845
1131 0.1413469865569834
1132 0.09660561559248006
1133 0.06014004235463582
1134 0.02986743948503578
1135 0.0030378288354644413
1136 -0.022458578939602996
1137 -0.047480170782385055
1138 -0.07177517730288129
1139 -0.09460432721466279
1140 -0.11543824109963617
1141 -0.13439496642390397
1142 -0.1522829876460548
1143 -0.17031210127175567
1144 -0.18964591102670778
1145 -0.21098775026894223
1146 -0.23434301216907222
1147 -0.2590153053937558
1148 -0.2838031177620156
1149 -0.3072997889077807
1150 -0.3281842953947151
1151 -0.34542246996915665
1152 -0.3583531437112099
1153 -0.3666800017999399
1154 -0.37041023887941094
1155 -0.3697777073064035
1156 -0.3651737768110142
1157 -0.35709479023487856
1158 -0.34610585027051893
1159 -0.33281683624858355
1160 -0.31786615400433627
1161 -0.3019088411006992
1162 -0.28560700705543474
1163 -0.2696215576000866
1164 -0.25460454994996645
1165 -0.24119141101994046
1166 -0.22999178767452982
1167 -0.22157719025827766
1168 -0.21646306404243304
1169 -0.21508275553839387
1170 -0.21775140807536925
1171 -0.22461961129520971
1172 -0.2356201182298747
1173 -0.2504162058030808
1174 -0.2683662834879427
1175 -0.2885234627816987
1176 -0.30968703832571587
1177 -0.33051235454392075
1178 -0.3496681271931725
1179 -0.36601355139038466
1180 -0.3787602752305732
1181 -0.3875886906526702
1182 -0.39269676354036454
1183 -0.3947640399361472
1184 -0.3948153781741861
1185 -0.3939836148291834
1186 -0.3932116316033022
1187 -0.3929910538481235
1188 -0.3932647243326733
1189 -0.39357970030261186
1190 -0.39346761628544
1191 -0.39290355523738174
1192 -0.3926160320297273
1193 -0.3940239720141609
1194 -0.3986861749905624
1195 -0.4073863463235555
1196 -0.4192717325041553
1197 -0.4315789054012534
1198 -0.4401891875902964
1199 -0.4407084581541169
1200 -0.4295001692849767
1201 -0.40439619328137977
1202 -0.365236883631615
1203 -0.3143461300023268
1204 -0.25654404919033075
1205 -0.19808960061396905
1206 -0.1446662586343852
1207 -0.09952266014214539
1208 -0.06287293338742292
1209 -0.032691598064117186
1210 -0.0062050824881684855
1211 0.0187717650908973
1212 0.04318306004607971
1213 0.06684233651168811
1214 0.08904029579018091
1215 0.10924597946965005
1216 0.1275644228659893
1217 0.14480283003355723
1218 0.16219328111105746
1219 0.18094214501130365
1220 0.20180350459324853
1221 0.22482522348684686
1222 0.24932812465433252
1223 0.2740894454634009
1224 0.29764069886026967
1225 0.3185721216387742
1226 0.3357591798080391
1227 0.3484737999361908
1228 0.3563897855008632
1229 0.3595199774364983
1230 0.3581276469565296
1231 0.35264348845149573
1232 0.3436032973265468
1233 0.33160803506792436
1234 0.317300642561076
1235 0.301352138895299
1236 0.2844511346116012
1237 0.2672936864302214
1238 0.2505728126932646
1239 0.23496817840402867
1240 0.22113638633710916
1241 0.2097013838366264
1242 0.2012432672989851
1243 0.19628271863233765
1244 0.19525780306761562
1245 0.19849023017097372
1246 0.20613984554869844
1247 0.21814955849383422
1248 0.23418836532332596
1249 0.2536069597576832
1250 0.275426328232514
1251 0.2983806057136376
1252 0.32102702664581895
1253 0.34191720479710586
1254 0.35980117260237215
1255 0.3738198907748825
1256 0.3836417503324317
1257 0.38951126103373684
1258 0.3921925911845784
1259 0.39280177783635983
1260 0.3925395418510898
1261 0.39237555246936
1262 0.3927862276869219
1263 0.3936719236398822
1264 0.39453399280597934
1265 0.3948793498464985
1266 0.39469341377903844
1267 0.3947448673916828
1268 0.3964946056838129
1269 0.40150276053254236
1270 0.4104788892827304
1271 0.4224196547316339
1272 0.43438162270426256
1273 0.44212216375814806
1274 0.44126941626479427
1275 0.42840189728708794
1276 0.4017182073054684
1277 0.3614321137903427
1278 0.3100566334561906
1279 0.252331917137693
1280 0.194278856578809
1281 0.1413469865569835
1282 0.09660561559248072
1283 0.06014004235463594
1284 0.02986743948503596
1285 0.0030378288354645537
1286 -0.022458578939602996
1287 -0.047480170782385256
1288 -0.07177517730288129
1289 -0.0946043272146625
1290 -0.11543824109963599
1291 -0.13439496642390397
1292 -0.1522829876460547
1293 -0.17031210127175556
1294 -0.18964591102670655
1295 -0.21098775026894204
1296 -0.2343430121690716
1297 -0.2590153053937553
1298 -0.28380311776201517
1299 -0.3072997889077807
1300 -0.32818429539471533
1301 -0.34542246996915676
1302 -0.3583531437112098
1303 -0.36668000179993965
1304 -0.3704102388794109
1305 -0.3697777073064036
1306 -0.3651737768110161
1307 -0.357094790234878
1308 -0.3461058502705183
1309 -0.33281683624858394
1310 -0.31786615400433604
1311 -0.30190884110070076
1312 -0.2856070070554344
1313 -0.2696215576000872
1314 -0.25460454994996645
1315 -0.24119141101994077
1316 -0.22999178767453007
1317 -0.2215771902582772
1318 -0.2164630640424334
1319 -0.21508275553839515
1320 -0.21775140807536897
1321 -0.22461961129521052
1322 -0.23562011822987242
1323 -0.2504162058030817
1324 -0.2683662834879439
1325 -0.28852346278169627
1326 -0.3096870383257166
1327 -0.3305123545439197
1328 -0.3496681271931722
1329 -0.3660135513903843
1330 -0.378760275230572
1331 -0.3875886906526697
1332 -0.39269676354036426
1333 -0.3947640399361484
1334 -0.3948153781741852
1335 -0.3939836148291833
1336 -0.39321163160330236
1337 -0.39299105384812333
1338 -0.39326472433267345
1339 -0.39357970030261186
1340 -0.39346761628544
1341 -0.3929035552373817
1342 -0.39261603202972706
1343 -0.3940239720141607
1344 -0.3986861749905613
1345 -0.4073863463235556
1346 -0.41927173250415634
1347 -0.43157890540125327
1348 -0.44018918759029724
1349 -0.4407084581541169
1350 -0.4295001692849816
1351 -0.404396193281379
1352 -0.3652368836316109
1353 -0.31434613000232864
1354 -0.25654404919032847
1355 -0.19808960061397268
1356 -0.14466625863438326
1357 -0.09952266014214926
1358 -0.06287293338742185
1359 -0.03269159806411947
1360 -0.006205082488170129
1361 0.018771765090896952
1362 0.04318306004607814
1363 0.06684233651168722
1364 0.08904029579017986
1365 0.10924597946964965
1366 0.12756442286598874
1367 0.14480283003355673
1368 0.1621932811110572
1369 0.1809421450113031
1370 0.20180350459324797
1371 0.2248252234868481
1372 0.24932812465433024
1373 0.2740894454634013
1374 0.29764069886026967
1375 0.3185721216387741
1376 0.33575917980803927
1377 0.34847379993619215
1378 0.3563897855008632
1379 0.3595199774364989
1380 0.3581276469565292
1381 0.3526434884514964
1382 0.3436032973265448
1383 0.3316080350679271
1384 0.3173006425610747
1385 0.3013521388952989
1386 0.28445113461160104
1387 0.2672936864302212
1388 0.25057281269326503
1389 0.23496817840402867
1390 0.22113638633710933
1391 0.20970138383662631
1392 0.20124326729898534
1393 0.19628271863233884
1394 0.19525780306761378
1395 0.1984902301709749
1396 0.20613984554869988
1397 0.21814955849383422
1398 0.23418836532332638
1399 0.2536069597576808
1400 0.2754263282325147
1401 0.2983806057136365
1402 0.3210270266458182
1403 0.34191720479710547
1404 0.35980117260237116
1405 0.3738198907748828
1406 0.3836417503324313
1407 0.3895112610337351
1408 0.392192591184578
1409 0.3928017778363588
1410 0.39253954185109047
1411 0.39237555246935935
1412 0.3927862276869219
1413 0.39367192363988185
1414 0.3945339928059795
1415 0.3948793498464982
1416 0.39469341377903855
1417 0.3947448673916824
1418 0.39649460568381334
1419 0.4015027605325422
1420 0.41047888928273063
1421 0.42241965473163534
1422 0.4343816227042621
1423 0.4421221637581491
1424 0.4412694162647968
1425 0.42840189728708833
1426 0.4017182073054636
1427 0.36143211379035295
1428 0.31005663345618545
1429 0.2523319171376929
1430 0.194278856578809
1431 0.14134698655698322
1432 0.09660561559248246
1433 0.0601400423546355
1434 0.029867439485037135
1435 0.0030378288354625986
1436 -0.02245857893960225
1437 -0.047480170782385464
1438 -0.0717751773028809
1439 -0.09460432721466315
1440 -0.11543824109963564
1441 -0.1343949664239038
1442 -0.15228298764605439
1443 -0.17031210127175572
1444 -0.18964591102670625
1445 -0.2109877502689419
1446 -0.2343430121690699
1447 -0.2590153053937561
1448 -0.2838031177620156
1449 -0.3072997889077794
1450 -0.3281842953947153
1451 -0.3454224699691556
1452 -0.3583531437112098
1453 -0.36668000179993926
1454 -0.3704102388794088
1455 -0.3697777073064034
1456 -0.3651737768110152
1457 -0.3570947902348793
1458 -0.3461058502705188
1459 -0.3328168362485827
1460 -0.3178661540043386
1461 -0.3019088411006989
1462 -0.28560700705543507
1463 -0.269621557600087
1464 -0.2546045499499663
1465 -0.2411914110199411
1466 -0.22999178767453013
1467 -0.22157719025827824
1468 -0.21646306404243193
1469 -0.215082755538394
1470 -0.21775140807537077
1471 -0.2246196112952074
1472 -0.23562011822987589
1473 -0.25041620580308194
1474 -0.2683662834879423
1475 -0.2885234627816992
1476 -0.30968703832571715
1477 -0.33051235454392097
1478 -0.3496681271931734
1479 -0.3660135513903849
1480 -0.37876027523057354
1481 -0.38758869065266954
1482 -0.39269676354036676
1483 -0.394764039936147
1484 -0.3948153781741862
1485 -0.393983614829184
1486 -0.39321163160330225
1487 -0.39299105384812383
1488 -0.3932647243326733
1489 -0.39357970030261186
1490 -0.3934676162854405
1491 -0.39290355523738174
1492 -0.39261603202972745
1493 -0.39402397201416034
1494 -0.3986861749905626
1495 -0.4073863463235567
1496 -0.41927173250415495
1497 -0.43157890540125426
1498 -0.4401891875902965
1499 -0.4407084581541177
1500 -0.4295001692849773
1501 -0.40439619328138676
1502 -0.3652368836316145
1503 -0.31434613000232486
1504 -0.2565440491903388
1505 -0.19808960061396727
1506 -0.14466625863438967
1507 -0.09952266014214639
1508 -0.06287293338742575
1509 -0.032691598064118636
1510 -0.006205082488170458
1511 0.018771765090896148
1512 0.04318306004607814
1513 0.0668423365116866
1514 0.08904029579018005
1515 0.10924597946964917
1516 0.1275644228659885
1517 0.14480283003355615
1518 0.1621932811110565
1519 0.18094214501130232
1520 0.20180350459324764
1521 0.2248252234868461
1522 0.24932812465433207
1523 0.2740894454633987
1524 0.2976406988602693
1525 0.3185721216387727
1526 0.3357591798080391
1527 0.34847379993619
1528 0.35638978550086153
1529 0.35951997743649966
1530 0.35812764695652755
1531 0.35264348845149435
1532 0.3436032973265487
1533 0.3316080350679233
1534 0.3173006425610806
1535 0.3013521388952978
1536 0.28445113461160365
1537 0.2672936864302224
1538 0.2505728126932652
1539 0.23496817840402995
1540 0.22113638633711008
1541 0.2097013838366273
1542 0.2012432672989867
1543 0.1962827186323368
1544 0.195257803067617
1545 0.19849023017096967
1546 0.20613984554869955
1547 0.21814955849383205
1548 0.23418836532332343
1549 0.25360695975768466
1550 0.275426328232514
1551 0.2983806057136375
1552 0.3210270266458182
1553 0.3419172047971059
1554 0.35980117260237177
1555 0.37381989077488265
1556 0.38364175033243136
1557 0.38951126103373696
1558 0.39219259118457817
1559 0.3928017778363611
1560 0.39253954185108897
1561 0.39237555246936046
1562 0.3927862276869216
1563 0.3936719236398825
1564 0.3945339928059795
1565 0.39487934984649864
1566 0.39469341377903844
1567 0.3947448673916828
1568 0.3964946056838126
1569 0.4015027605325452
1570 0.41047888928272824
1571 0.4224196547316371
1572 0.4343816227042623
1573 0.44212216375814967
1574 0.4412694162647968
1575 0.42840189728708433
1576 0.40171820730547864
1577 0.3614321137903394
1578 0.3100566334561965
1579 0.2523319171376927
1580 0.19427885657880686
1581 0.14134698655698652
1582 0.09660561559248111
1583 0.06014004235463981
1584 0.029867439485036316
1585 0.003037828835465056
1586 -0.022458578939600977
1587 -0.04748017078238445
1588 -0.07177517730287945
1589 -0.09460432721466197
1590 -0.11543824109963495
1591 -0.13439496642390292
1592 -0.15228298764605352
1593 -0.1703121012717551
1594 -0.1896459110267067
1595 -0.21098775026894112
1596 -0.23434301216906944
1597 -0.259015305393757
1598 -0.28380311776201234
1599 -0.3072997889077808
1600 -0.3281842953947134
1601 -0.34542246996915676
1602 -0.35835314371120663
1603 -0.3666800017999414
1604 -0.37041023887940683
1605 -0.36977770730640386
1606 -0.3651737768110143
1607 -0.3570947902348801
1608 -0.3461058502705167
1609 -0.3328168362485867
1610 -0.3178661540043347
1611 -0.30190884110070076
1612 -0.28560700705543435
1613 -0.2696215576000865
1614 -0.25460454994996656
1615 -0.24119141101994046
1616 -0.22999178767452988
1617 -0.22157719025827716
1618 -0.21646306404243207
1619 -0.21508275553839523
1620 -0.21775140807536653
1621 -0.22461961129521055
1622 -0.23562011822987278
1623 -0.2504162058030802
1624 -0.26836628348794594
1625 -0.28852346278169544
1626 -0.30968703832571925
1627 -0.3305123545439195
1628 -0.3496681271931737
1629 -0.3660135513903844
1630 -0.37876027523057293
1631 -0.38758869065267154
1632 -0.39269676354036465
1633 -0.39476403993614806
1634 -0.39481537817418605
1635 -0.39398361482918276
1636 -0.3932116316033032
1637 -0.3929910538481229
1638 -0.3932647243326737
1639 -0.39357970030261136
1640 -0.3934676162854404
1641 -0.39290355523738185
1642 -0.3926160320297271
1643 -0.39402397201416056
1644 -0.3986861749905621
1645 -0.407386346323555
1646 -0.4192717325041589
1647 -0.4315789054012514
1648 -0.44018918759029874
1649 -0.4407084581541169
1650 -0.42950016928498264
1651 -0.4043961932813859
1652 -0.3652368836316109
1653 -0.31434613000234074
1654 -0.2565440491903287
1655 -0.19808960061397768
1656 -0.14466625863438656
1657 -0.09952266014215483
1658 -0.06287293338742263
1659 -0.03269159806412394
1660 -0.006205082488170019
1661 0.018771765090893844
1662 0.04318306004607717
1663 0.06684233651168477
1664 0.08904029579017893
1665 0.10924597946964801
1666 0.12756442286598776
1667 0.1448028300335549
1668 0.1621932811110565
1669 0.18094214501130085
1670 0.2018035045932474
1671 0.22482522348684453
1672 0.24932812465432966
1673 0.274089445463398
1674 0.2976406988602686
1675 0.3185721216387722
1676 0.3357591798080377
1677 0.34847379993618716
1678 0.35638978550086275
1679 0.35951997743649394
1680 0.35812764695653104
1681 0.3526434884514927
1682 0.34360329732654704
1683 0.3316080350679248
1684 0.317300642561077
1685 0.30135213889529705
1686 0.28445113461160093
1687 0.2672936864302206
1688 0.2505728126932631
1689 0.23496817840402867
1690 0.22113638633710828
1691 0.20970138383662534
1692 0.2012432672989846
1693 0.1962827186323367
1694 0.19525780306761345
1695 0.19849023017097128
1696 0.20613984554869946
1697 0.21814955849383413
1698 0.23418836532332524
1699 0.25360695975768743
1700 0.2754263282325124
1701 0.2983806057136412
1702 0.32102702664581595
1703 0.3419172047971079
1704 0.35980117260237093
1705 0.37381989077488426
1706 0.38364175033243253
1707 0.3895112610337361
1708 0.39219259118457794
1709 0.39280177783636033
1710 0.3925395418510883
1711 0.39237555246936046
1712 0.3927862276869209
1713 0.39367192363988185
1714 0.3945339928059789
1715 0.3948793498464982
1716 0.39469341377903816
1717 0.3947448673916824
1718 0.3964946056838129
1719 0.401502760532543
1720 0.4104788892827304
1721 0.4224196547316378
1722 0.43438162270426095
1723 0.4421221637581504
1724 0.44126941626479943
1725 0.42840189728708844
1726 0.4017182073054723
1727 0.36143211379035245
1728 0.310056633456199
1729 0.25233191713769265
1730 0.19427885657881488
1731 0.14134698655698696
1732 0.09660561559248859
1733 0.0601400423546385
1734 0.029867439485044434
1735 0.0030378288354641625
1736 -0.02245857893959641
1737 -0.04748017078238304
1738 -0.0717751773028765
1739 -0.09460432721466042
1740 -0.11543824109963297
1741 -0.13439496642390159
1742 -0.15228298764605225
1743 -0.17031210127175403
1744 -0.18964591102670397
1745 -0.21098775026894148
1746 -0.23434301216906606
1747 -0.25901530539375517
1748 -0.28380311776201195
1749 -0.30729978890777837
1750 -0.3281842953947129
1751 -0.3454224699691541
1752 -0.3583531437112071
1753 -0.3666800017999383
1754 -0.37041023887940533
1755 -0.3697777073064046
1756 -0.3651737768110103
1757 -0.3570947902348822
1758 -0.34610585027051577
1759 -0.3328168362485851
1760 -0.317866154004336
1761 -0.3019088411007008
1762 -0.28560700705543374
1763 -0.26962155760008727
1764 -0.25460454994996623
1765 -0.2411914110199411
1766 -0.22999178767452913
1767 -0.2215771902582781
1768 -0.21646306404242993
1769 -0.2150827555383944
1770 -0.2177514080753677
1771 -0.2246196112952073
1772 -0.23562011822987625
1773 -0.2504162058030806
1774 -0.2683662834879443
1775 -0.2885234627816982
1776 -0.3096870383257197
1777 -0.33051235454391925
1778 -0.349668127193175
1779 -0.36601355139038455
1780 -0.3787602752305743
1781 -0.38758869065267043
1782 -0.39269676354036703
1783 -0.3947640399361462
1784 -0.3948153781741867
1785 -0.393983614829183
1786 -0.39321163160330275
1787 -0.3929910538481233
1788 -0.39326472433267345
1789 -0.3935797003026115
1790 -0.39346761628544036
1791 -0.3929035552373816
1792 -0.3926160320297274
1793 -0.3940239720141602
1794 -0.39868617499056375
1795 -0.4073863463235565
1796 -0.4192717325041573
1797 -0.4315789054012536
1798 -0.44018918759029774
1799 -0.44070845815412
1800 -0.42950016928497764
1801 -0.40439619328139503
1802 -0.3652368836316145
1803 -0.3143461300023377
1804 -0.25654404919033935
1805 -0.19808960061397268
1806 -0.144666258634393
1807 -0.09952266014215223
1808 -0.06287293338742887
1809 -0.03269159806412519
1810 -0.006205082488171664
1811 0.0187717650908905
1812 0.043183060046075604
1813 0.06684233651168249
1814 0.08904029579017729
1815 0.10924597946964595
1816 0.1275644228659859
1817 0.1448028300335536
1818 0.1621932811110541
1819 0.18094214501130038
1820 0.20180350459324725
1821 0.2248252234868421
1822 0.2493281246543315
1823 0.2740894454633949
1824 0.2976406988602684
1825 0.3185721216387703
1826 0.3357591798080377
1827 0.348473799936187
1828 0.3563897855008607
1829 0.3595199774364958
1830 0.3581276469565269
1831 0.3526434884514918
1832 0.34360329732654776
1833 0.3316080350679211
1834 0.31730064256107915
1835 0.3013521388952964
1836 0.28445113461160254
1837 0.2672936864302209
1838 0.25057281269326404
1839 0.23496817840402895
1840 0.221136386337109
1841 0.20970138383662631
1842 0.20124326729898598
1843 0.19628271863233607
1844 0.19525780306761584
1845 0.19849023017096903
1846 0.20613984554869882
1847 0.21814955849383108
1848 0.23418836532332285
1849 0.2536069597576838
1850 0.27542632823251323
1851 0.2983806057136365
1852 0.3210270266458174
1853 0.3419172047971053
1854 0.35980117260237093
1855 0.37381989077488154
1856 0.3836417503324332
1857 0.3895112610337358
1858 0.3921925911845792
1859 0.39280177783636094
1860 0.39253954185108925
1861 0.39237555246936046
1862 0.3927862276869218
1863 0.3936719236398825
1864 0.3945339928059795
1865 0.39487934984649864
1866 0.39469341377903877
1867 0.394744867391683
1868 0.3964946056838126
1869 0.4015027605325422
1870 0.41047888928272847
1871 0.4224196547316358
1872 0.43438162270426234
1873 0.442122163758149
1874 0.4412694162647968
1875 0.4284018972870839
1876 0.40171820730547864
1877 0.36143211379033946
1878 0.3100566334561967
1879 0.252331917137693
1880 0.1942788565788072
1881 0.14134698655698674
1882 0.09660561559248151
1883 0.06014004235463938
1884 0.029867439485036548
1885 0.0030378288354650004
1886 -0.022458578939600765
1887 -0.04748017078238465
1888 -0.07177517730287929
1889 -0.09460432721466187
1890 -0.11543824109963513
1891 -0.13439496642390258
1892 -0.15228298764605375
1893 -0.1703121012717551
1894 -0.18964591102670678
1895 -0.21098775026894112
1896 -0.2343430121690696
1897 -0.25901530539375694
1898 -0.28380311776201234
1899 -0.30729978890778087
1900 -0.3281842953947137
1901 -0.34542246996915665
1902 -0.3583531437112065
1903 -0.3666800017999414
1904 -0.37041023887940683
1905 -0.3697777073064043
1906 -0.36517377681101443
1907 -0.3570947902348804
1908 -0.3461058502705168
1909 -0.3328168362485867
1910 -0.31786615400433554
1911 -0.30190884110070104
1912 -0.28560700705543474
1913 -0.2696215576000871
1914 -0.25460454994996695
1915 -0.24119141101994135
1916 -0.22999178767453043
1917 -0.22157719025827743
1918 -0.21646306404243193
1919 -0.21508275553839515
1920 -0.21775140807536653
1921 -0.2246196112952106
1922 -0.23562011822987278
1923 -0.25041620580308027
1924 -0.26836628348794594
1925 -0.2885234627816949
1926 -0.30968703832571903
1927 -0.33051235454391925
1928 -0.3496681271931734
1929 -0.3660135513903844
1930 -0.37876027523057276
1931 -0.38758869065267143
1932 -0.3926967635403645
1933 -0.3947640399361482
1934 -0.3948153781741861
1935 -0.3939836148291831
1936 -0.39321163160330286
1937 -0.3929910538481231
1938 -0.39326472433267384
1939 -0.39357970030261147
1940 -0.39346761628544036
1941 -0.3929035552373817
1942 -0.39261603202972745
1943 -0.3940239720141609
1944 -0.3986861749905624
1945 -0.407386346323555
1946 -0.41927173250415867
1947 -0.4315789054012514
1948 -0.44018918759029874
1949 -0.44070845815411697
1950 -0.4295001692849828
1951 -0.40439619328138615
1952 -0.36523688363161144
1953 -0.31434613000234135
1954 -0.25654404919032947
1955 -0.19808960061397818
1956 -0.1446662586343869
1957 -0.0995226601421551
1958 -0.06287293338742253
1959 -0.03269159806412425
1960 -0.006205082488170458
1961 0.01877176509089361
1962 0.04318306004607693
1963 0.06684233651168507
1964 0.08904029579017873
1965 0.1092459794696478
1966 0.12756442286598732
1967 0.14480283003355454
1968 0.1621932811110564
1969 0.18094214501130063
1970 0.2018035045932474
1971 0.2248252234868447
1972 0.2493281246543295
1973 0.2740894454633977
1974 0.2976406988602683
1975 0.3185721216387718
1976 0.3357591798080377
1977 0.34847379993618904
1978 0.35638978550086214
1979 0.35951997743649516
1980 0.3581276469565308
1981 0.3526434884514938
1982 0.34360329732654743
1983 0.3316080350679257
1984 0.3173006425610777
1985 0.301352138895298
1986 0.2844511346116015
1987 0.2672936864302212
1988 0.2505728126932639
1989 0.23496817840402895
1990 0.22113638633710875
1991 0.20970138383662573
1992 0.20124326729898534
1993 0.19628271863233684
1994 0.1952578030676137
1995 0.1984902301709715
1996 0.2061398455486994
1997 0.21814955849383422
1998 0.2341883653233253
1999 0.25360695975768743
