0 0.0
1 0.0
2 0.002731412688721717
3 0.0520957074928711
4 0.08612781355481562
5 0.13353336872982335
6 0.16598961142698165
7 0.1955531055958696
8 0.21357894586584011
9 0.2280868496722971
10 0.23812495924482496
11 0.2480871073621272
12 0.2574554390689069
13 0.2671073633301871
14 0.27588994249568755
15 0.2837219122239568
16 0.2904097893081156
17 0.2967451928152803
18 0.3036573383021869
19 0.31225270526230475
20 0.3231830908832028
21 0.33656953644385573
22 0.35185406253925455
23 0.3680056457230461
24 0.3837258769247858
25 0.3977356680435563
26 0.40895746861137094
27 0.41663106081310153
28 0.42032665625645077
29 0.419912896512481
30 0.41549468631438097
31 0.4073552641369105
32 0.395906789337567
33 0.3816560521854846
34 0.3651795311874679
35 0.34710537171620437
36 0.3280975179930091
37 0.3088408143237586
38 0.2900261062069244
39 0.27233607246943614
40 0.2564319987339356
41 0.24294137187628068
42 0.23244487761157082
43 0.22546048246595374
44 0.22242154338306844
45 0.2236461002981737
46 0.22929582809022828
47 0.23932616501645765
48 0.2534340278825458
49 0.2710158342040286
50 0.2911542507820355
51 0.31265349190831976
52 0.3341360037706848
53 0.3541969818011692
54 0.3715926437085967
55 0.3854236083411929
56 0.39527327563916764
57 0.4012700870759669
58 0.40405301846706526
59 0.40462894569528496
60 0.4041286940664211
61 0.40350696489354526
62 0.40328108203478297
63 0.4034288355959179
64 0.4035284258076815
65 0.4031216959048733
66 0.40216087754492225
67 0.40131900654722846
68 0.40194496103919847
69 0.4055505861905377
70 0.4129407988268487
71 0.4233693719599782
72 0.4342216040376439
73 0.4414908815683931
74 0.4408279627846816
75 0.4286445689776982
76 0.40293223896854524
77 0.3637995765445784
78 0.3137436453534144
79 0.25739632470002133
80 0.20045783115615548
81 0.14802545211617987
82 0.1030984387654664
83 0.06604230255001825
84 0.03518976398700803
85 0.008097764642393323
86 -0.017250778944214333
87 -0.04180471295581812
88 -0.0654829020184491
89 -0.0876884317818283
90 -0.10794325284050083
91 -0.1263273898708011
92 -0.14356983613447613
93 -0.16081866371005482
94 -0.17923636117312655
95 -0.19959909217794966
96 -0.22204085066025012
97 -0.24600688445496505
98 -0.2703993945287642
99 -0.2938399802137163
100 -0.3149524724386374
101 -0.33258646091270216
102 -0.3459418715077147
103 -0.3545971052956752
104 -0.3584702055847518
105 -0.35774901929237485
106 -0.35281820625246074
107 -0.34419789733530465
108 -0.33249788798929425
109 -0.3183850724824813
110 -0.30255985551978315
111 -0.28573785512828465
112 -0.2686347327995091
113 -0.251953357412999
114 -0.23637318235353794
115 -0.22254159705976329
116 -0.21106631001898873
117 -0.20250686647942595
118 -0.1973625434018261
119 -0.19605340351308073
120 -0.19889154336729215
121 -0.20604092900119383
122 -0.21746714673905695
123 -0.2328832392312618
124 -0.25170419681399064
125 -0.273028809037899
126 -0.2956697548895705
127 -0.31824662203009324
128 -0.33934029926844156
129 -0.35768559290714197
130 -0.3723623105607074
131 -0.3829418042429338
132 -0.389554596272795
133 -0.39285642184462644
134 -0.39388127979540366
135 -0.3937900041218973
136 -0.3935622577925921
137 -0.393729678884016
138 -0.39427250082101006
139 -0.39476340173551205
140 -0.39473876187913914
141 -0.39415443162626645
142 -0.3937015972707237
143 -0.39475986773062965
144 -0.39887421953870045
145 -0.4068691175608758
146 -0.4179872781121224
147 -0.4295620661190136
148 -0.4375003359912174
149 -0.4373573339081705
150 -0.42547338681217667
151 -0.39981608043131933
152 -0.36052279843717544
153 -0.3101602889515956
154 -0.25344730367730633
155 -0.19616264854855775
156 -0.14345746353709649
157 -0.09835608960557836
158 -0.06122548522316503
159 -0.03038518414935019
160 -0.003372898471149574
161 0.021847395524278345
162 0.0462394980532615
163 0.06973210269067577
164 0.09173359723256631
165 0.11176795479431458
166 0.12991541115482133
167 0.1469050161461783
168 0.16388614264502066
169 0.18202424104352188
170 0.2020994115318485
171 0.2242495556245538
172 0.2479234425254375
173 0.2720269349213166
174 0.2951862250008867
175 0.3160308903147307
176 0.33341673104147024
177 0.3465490617194101
178 0.35500960129475995
179 0.35871692235680486
180 0.35785657377471936
181 0.35280860491828187
182 0.34408707181996384
183 0.3322952184570514
184 0.3180939002057499
185 0.30217888099858614
186 0.28526322499652573
187 0.26806253965949994
188 0.25128222957049307
189 0.23560664048754668
190 0.22168990094135518
191 0.21014759197415842
192 0.20154742388308283
193 0.19639622141358098
194 0.19512003984633555
195 0.19803448802216198
196 0.2053037295254572
197 0.21688964419516346
198 0.23249757037010868
199 0.251531498865612
200 0.27307762572578154
201 0.29593700718839827
202 0.31872134355555026
203 0.34000923765972424
204 0.35853875472762625
205 0.3733962642271076
206 0.3841593771404914
207 0.3909611449259185
208 0.3944543215098382
209 0.39566498571591585
210 0.395743727215373
211 0.3956611652615125
212 0.3959440568874043
213 0.39657299976806204
214 0.3971246795671278
215 0.3971389453688072
216 0.39656931032862985
217 0.3960952201742608
218 0.39707591623425426
219 0.40103359004647027
220 0.4087782423863554
221 0.4195591545588437
222 0.43074653282992564
223 0.4383119371892087
224 0.4378853710000749
225 0.4258667419945817
226 0.4002489581227411
227 0.36115505822105287
228 0.31110610775818215
229 0.2547613055678673
230 0.19784364982532684
231 0.14546240391841658
232 0.10061687329115272
233 0.063664884382839
234 0.032929509338452956
235 0.00595985190834627
236 -0.01926615605637519
237 -0.04370005847470817
238 -0.06726211785888936
239 -0.08935625686352192
240 -0.1095049906470723
241 -0.12778861412582565
242 -0.14493603057172158
243 -0.16209490899121762
244 -0.18042716916073148
245 -0.20070841102856776
246 -0.22307222154742914
247 -0.2469637188819512
248 -0.27128531541432305
249 -0.2946591289094591
250 -0.3157096710728566
251 -0.33328716442961076
252 -0.3465919253132125
253 -0.3552023921281084
254 -0.35903628532825077
255 -0.3582808416542844
256 -0.35331993470492745
257 -0.3446728469434833
258 -0.33294855881402513
259 -0.3188132520825341
260 -0.30296676317844123
261 -0.286124302721146
262 -0.2690012810271794
263 -0.2523004510866885
264 -0.23670125428003969
265 -0.22285113613420093
266 -0.21135789445884398
267 -0.2027811669836887
268 -0.19762030317899007
269 -0.19629540291852077
270 -0.1991185569770883
271 -0.20625368298410968
272 -0.2176662847044167
273 -0.23306930503124076
274 -0.25187764195305845
275 -0.2731900286908447
276 -0.2958191488255296
277 -0.3183846660872411
278 -0.33946760413615557
279 -0.3578029264597191
280 -0.3724705711913311
281 -0.3830419513279082
282 -0.3896475602924582
283 -0.3929430228320546
284 -0.39396217748277057
285 -0.39386569056925924
286 -0.39363308887128273
287 -0.39379592919600004
288 -0.39433442033402144
289 -0.3948212529312145
290 -0.39479282391543574
291 -0.39420497194761006
292 -0.39374882690407476
293 -0.3948039064739457
294 -0.3989150953956973
295 -0.40690681189740896
296 -0.4180218094051599
297 -0.42959358466164904
298 -0.4375291863277917
299 -0.4373840479869696
300 -0.4254986049017384
301 -0.3998404317287845
302 -0.36054678183566274
303 -0.31018418607872766
304 -0.2534711497864645
305 -0.19618627537831296
306 -0.1434805985132839
307 -0.09837846345972391
308 -0.061246899967632495
309 -0.030405528381104135
310 -0.0033921296155713493
311 0.02182927696278724
312 0.04622246829986927
313 0.06971612555867371
314 0.09171862874082125
315 0.11175394566752361
316 0.12990230980263673
317 0.14689277225047306
318 0.16387471014343874
319 0.1820135795429706
320 0.2020894859942891
321 0.2242403346182911
322 0.2479148954478783
323 0.2720190287899355
324 0.29517892171429616
325 0.31602414533957723
326 0.33341049404070094
327 0.34654327890540176
328 0.35500421871289406
329 0.3587118891629085
330 0.3578518448096194
331 0.35280414226268403
332 0.3440828453275482
333 0.33229120544022456
334 0.3180900845119111
335 0.30217525171694537
336 0.2852597750134036
337 0.26805926424755033
338 0.2512791251561409
339 0.23560370369194
340 0.22168712793810894
341 0.21014497816013053
342 0.20154496382305634
343 0.1963939089985956
344 0.19511786859627284
345 0.198032451460679
346 0.20530182155395124
347 0.2168878593893702
348 0.23249590412116997
349 0.25152994729721195
350 0.27307618535518874
351 0.29593567437173374
352 0.3187201138538109
353 0.3400081053377922
354 0.3585377125951013
355 0.3733953039222435
356 0.3841584897898674
357 0.3909603219709993
358 0.3944535554439304
359 0.39566427052677244
360 0.39574305844117547
361 0.39566053969519976
362 0.3959434720694676
363 0.3965724534656464
364 0.39712416943307655
365 0.39713846890312204
366 0.39656886513653566
367 0.3960948043712532
368 0.39707552875892255
369 0.40103323065986235
370 0.4087779112563898
371 0.4195588515023108
372 0.4307462564711858
373 0.4383116844234931
374 0.43788513707607946
375 0.4258665212236012
376 0.4002487449263641
377 0.36115484816968124
378 0.31110589833011265
379 0.2547610964100817
380 0.197843442389585
381 0.14546220060123777
382 0.10061667648844123
383 0.06366469587901932
384 0.03292933015397073
385 0.0059596824448723195
386 -0.019266315789741344
387 -0.04370020868094724
388 -0.06726225885081125
389 -0.08935638901973984
390 -0.10950511439048431
391 -0.12778872990020534
392 -0.14493613881309925
393 -0.1620950101031096
394 -0.18042726350115174
395 -0.2007084989106281
396 -0.22307230325193989
397 -0.246963794679513
398 -0.27128538559239507
399 -0.2946591937966585
400 -0.3157097310517596
401 -0.333287219932884
402 -0.3465919768043645
403 -0.35520244007349516
404 -0.3590363301685397
405 -0.35828088378171485
406 -0.35331997444937635
407 -0.3446728845675623
408 -0.3329485945157383
409 -0.31881328600340814
410 -0.30296679541495974
411 -0.28612433333750015
412 -0.2690013100676534
413 -0.25230047858638394
414 -0.23670128027311346
415 -0.22285116065926341
416 -0.21135791756159777
417 -0.20278118871717993
418 -0.19762032360202642
419 -0.19629542209286843
420 -0.1991185749640718
421 -0.20625369984122913
422 -0.21766630048264474
423 -0.2330693197736558
424 -0.25187765569543064
425 -0.27319004146448966
426 -0.2958191606621356
427 -0.31838467702452544
428 -0.3394676142225254
429 -0.3578029357560314
430 -0.37247057976878367
431 -0.38304195926252516
432 -0.38964756765797104
433 -0.3929430296934391
434 -0.39396218389229887
435 -0.3938656965659167
436 -0.3936330944832633
437 -0.3937959344450577
438 -0.39433442523995876
439 -0.3948212575148262
440 -0.39479282819883793
441 -0.39420497595199155
442 -0.3937488306461538
443 -0.394803909963212
444 -0.39891509863436814
445 -0.4069068148840065
446 -0.418021812141146
447 -0.42959358715893137
448 -0.4375291886136701
449 -0.43738405010359205
450 -0.425498606899832
451 -0.3998404336582053
452 -0.3605467837359396
453 -0.3101841879721728
454 -0.2534711516758767
455 -0.19618627725035337
456 -0.1434806003463598
457 -0.09837846523249602
458 -0.06124690166441373
459 -0.03040552999306649
460 -0.0033921311393399992
461 0.021829275527171125
462 0.046222466950524024
463 0.06971612429273108
464 0.09171862755479772
465 0.1117539445575144
466 0.12990230876455441
467 0.14689277128033065
468 0.16387470923758682
469 0.18201357869820847
470 0.20208948520784042
471 0.2242403338876658
472 0.24791489477065168
473 0.27201902816349416
474 0.2951789211356209
475 0.31602414480513985
476 0.3334104935465128
477 0.34654327844720034
478 0.35500421828640594
479 0.3587118887641036
480 0.3578518444349205
481 0.35280414190908654
482 0.34408284499266195
483 0.3322912051222538
484 0.3180900842095754
485 0.3021752514293799
486 0.28525977474004516
487 0.2680592639880239
488 0.2512791249101634
489 0.23560370345924403
490 0.22168712771839066
491 0.21014497795302559
492 0.20154496362813404
493 0.19639390881537244
494 0.19511786842423426
495 0.19803245129931296
496 0.2053018214027734
497 0.2168878592479511
498 0.23249590398914582
499 0.2515299471742739
500 0.2730761852410614
501 0.2959356742661283
502 0.31872011375637566
503 0.340008105248073
504 0.3585377125125281
505 0.3733953038461541
506 0.38415848971955835
507 0.3909603219057926
508 0.3944535553832317
509 0.3956642704701044
510 0.3957430583881852
511 0.395660539645633
512 0.39594347202312963
513 0.3965724534223604
514 0.3971241693926561
515 0.39713846886536924
516 0.39656886510126094
517 0.3960948043383072
518 0.39707552872822094
519 0.40103323063138585
520 0.4087779112301531
521 0.41955885147829786
522 0.43074625644928866
523 0.4383116844034651
524 0.43788513705754506
525 0.42586652120610713
526 0.4002487449094707
527 0.3611548481530378
528 0.31110589831351837
529 0.2547610963935104
530 0.19784344237314921
531 0.14546220058512851
532 0.10061667647284772
533 0.06366469586408363
534 0.03292933013977331
535 0.005959682431445199
536 -0.01926631580239746
537 -0.043700208692848595
538 -0.06726225886198248
539 -0.08935638903021105
540 -0.10950511440028889
541 -0.12778872990937856
542 -0.14493613882167553
543 -0.16209501011112099
544 -0.18042726350862667
545 -0.20070849891759124
546 -0.22307230325841346
547 -0.2469637946855186
548 -0.27128538559795545
549 -0.29465919380179967
550 -0.31570973105651196
551 -0.3332872199372816
552 -0.3465919768084444
553 -0.35520244007729407
554 -0.3590363301720927
555 -0.3582808837850531
556 -0.3533199744525255
557 -0.34467288457054357
558 -0.33294859451856706
559 -0.31881328600609604
560 -0.30296679541751403
561 -0.286124333339926
562 -0.2690013100699544
563 -0.2523004785885629
564 -0.23670128027517323
565 -0.22285116066120664
566 -0.2113579175634283
567 -0.20278118871890197
568 -0.19762032360364457
569 -0.19629542209438763
570 -0.19911857496549698
571 -0.20625369984256464
572 -0.21766630048389485
573 -0.23306931977482373
574 -0.2518776556965195
575 -0.2731900414655017
576 -0.29581916066307334
577 -0.318384677025392
578 -0.3394676142233245
579 -0.3578029357567679
580 -0.37247057976946335
581 -0.38304195926315376
582 -0.38964756765855485
583 -0.39294302969398265
584 -0.3939621838928068
585 -0.39386569656639187
586 -0.393633094483708
587 -0.3937959344454735
588 -0.3943344252403476
589 -0.3948212575151893
590 -0.3947928281991773
591 -0.39420497595230874
592 -0.39374883064645017
593 -0.3948039099634885
594 -0.39891509863462465
595 -0.4069068148842431
596 -0.4180218121413624
597 -0.4295935871591293
598 -0.43752918861385104
599 -0.43738405010375986
600 -0.42549860689999036
601 -0.3998404336583584
602 -0.36054678373609034
603 -0.3101841879723232
604 -0.2534711516760267
605 -0.1961862772505018
606 -0.1434806003465053
607 -0.09837846523263681
608 -0.06124690166454826
609 -0.030405529993194347
610 -0.0033921311394607455
611 0.02182927552705729
612 0.04622246695041703
613 0.06971612429263072
614 0.0917186275547035
615 0.11175394455742638
616 0.12990230876447212
617 0.14689277128025363
618 0.16387470923751493
619 0.18201357869814136
620 0.2020894852077781
621 0.22424033388760778
622 0.24791489477059792
623 0.2720190281634445
624 0.29517892113557487
625 0.3160241448050975
626 0.33341049354647356
627 0.3465432784471642
628 0.3550042182863721
629 0.3587118887640722
630 0.357851844434891
631 0.35280414190905857
632 0.3440828449926356
633 0.3322912051222288
634 0.3180900842095514
635 0.3021752514293573
636 0.28525977474002356
637 0.2680592639880036
638 0.2512791249101439
639 0.23560370345922563
640 0.22168712771837315
641 0.21014497795300927
642 0.2015449636281185
643 0.19639390881535773
644 0.19511786842422058
645 0.19803245129929983
646 0.20530182140276138
647 0.21688785924793957
648 0.23249590398913408
649 0.2515299471742642
650 0.2730761852410516
651 0.2959356742661197
652 0.31872011375636733
653 0.34000810524806563
654 0.3585377125125213
655 0.37339530384614733
656 0.38415848971955263
657 0.3909603219057869
658 0.3944535553832275
659 0.39566427047009944
660 0.3957430583881813
661 0.3956605396456289
662 0.395943472023126
663 0.3965724534223569
664 0.397124169392653
665 0.3971384688653664
666 0.3965688651012581
667 0.39609480433830474
668 0.39707552872821844
669 0.401033230631383
670 0.4087779112301511
671 0.41955885147829547
672 0.43074625644928694
673 0.43831168440346335
674 0.4378851370575426
675 0.4258665212061085
676 0.4002487449094714
677 0.36115484815303367
678 0.31110589831351954
679 0.25476109639350814
680 0.19784344237314888
681 0.14546220058512668
682 0.10061667647284718
683 0.06366469586408251
684 0.032929330139771416
685 0.005959682431445087
686 -0.01926631580239895
687 -0.0437002086928491
688 -0.06726225886198355
689 -0.0893563890302117
690 -0.10950511440028979
691 -0.12778872990937923
692 -0.14493613882167633
693 -0.1620950101111217
694 -0.18042726350862723
695 -0.20070849891759118
696 -0.22307230325841398
697 -0.2469637946855187
698 -0.27128538559795506
699 -0.29465919380180033
700 -0.3157097310565118
701 -0.33328721993728205
702 -0.3465919768084448
703 -0.3552024400772935
704 -0.3590363301720932
705 -0.3582808837850529
706 -0.353319974452527
707 -0.34467288457054357
708 -0.3329485945185682
709 -0.31881328600609704
710 -0.3029667954175138
711 -0.28612433333992704
712 -0.26900131006995465
713 -0.2523004785885638
714 -0.2367012802751734
715 -0.2228511606612072
716 -0.21135791756342873
717 -0.202781188718903
718 -0.19762032360364457
719 -0.1962954220943883
720 -0.19911857496549643
721 -0.2062536998425661
722 -0.21766630048389446
723 -0.23306931977482323
724 -0.25187765569651854
725 -0.27319004146550263
726 -0.29581916066307257
727 -0.31838467702539225
728 -0.3394676142233242
729 -0.35780293575676797
730 -0.3724705797694632
731 -0.3830419592631545
732 -0.38964756765855396
733 -0.39294302969398326
734 -0.3939621838928064
735 -0.39386569656639253
736 -0.39363309448370754
737 -0.393795934445474
738 -0.3943344252403473
739 -0.3948212575151894
740 -0.39479282819917744
741 -0.3942049759523089
742 -0.39374883064645017
743 -0.39480390996348874
744 -0.39891509863462465
745 -0.4069068148842432
746 -0.4180218121413616
747 -0.42959358715913004
748 -0.4375291886138507
749 -0.43738405010376025
750 -0.4254986068999903
751 -0.39984043365835875
752 -0.3605467837360909
753 -0.31018418797232683
754 -0.25347115167602374
755 -0.1961862772505047
756 -0.14348060034650453
757 -0.09837846523263738
758 -0.06124690166454953
759 -0.030405529993194447
760 -0.0033921311394616276
761 0.021829275527056942
762 0.04622246695041648
763 0.0697161242926304
764 0.09171862755470317
765 0.11175394455742589
766 0.12990230876447184
767 0.14689277128025335
768 0.16387470923751424
769 0.18201357869814105
770 0.20208948520777825
771 0.2242403338876074
772 0.24791489477059872
773 0.27201902816344414
774 0.29517892113557537
775 0.31602414480509716
776 0.33341049354647356
777 0.34654327844716476
778 0.3550042182863729
779 0.3587118887640723
780 0.3578518444348915
781 0.35280414190905784
782 0.3440828449926362
783 0.33229120512222754
784 0.31809008420955187
785 0.30217525142935664
786 0.28525977474002434
787 0.2680592639880028
788 0.2512791249101446
789 0.2356037034592252
790 0.22168712771837357
791 0.21014497795300965
792 0.20154496362811913
793 0.19639390881535795
794 0.19511786842422166
795 0.19803245129929997
796 0.20530182140276187
797 0.21688785924793894
798 0.23249590398913578
799 0.2515299471742625
800 0.2730761852410515
801 0.2959356742661194
802 0.3187201137563681
803 0.3400081052480653
804 0.3585377125125216
805 0.37339530384614716
806 0.3841584897195528
807 0.39096032190578694
808 0.39445355538322757
809 0.39566427047009967
810 0.3957430583881817
811 0.39566053964562914
812 0.3959434720231262
813 0.3965724534223572
814 0.3971241693926531
815 0.3971384688653664
816 0.3965688651012583
817 0.3960948043383048
818 0.39707552872821866
819 0.40103323063138324
820 0.40877791123015134
821 0.4195588514782949
822 0.4307462564492866
823 0.4383116844034628
824 0.43788513705754123
825 0.42586652120610635
826 0.40024874490947115
827 0.36115484815303256
828 0.31110589831351915
829 0.2547610963935074
830 0.1978434423731499
831 0.14546220058512602
832 0.10061667647284638
833 0.063664695864083
834 0.032929330139771534
835 0.005959682431445873
836 -0.01926631580239895
837 -0.04370020869284869
838 -0.06726225886198345
839 -0.08935638903021133
840 -0.1095051144002896
841 -0.127788729909379
842 -0.1449361388216761
843 -0.1620950101111212
844 -0.18042726350862742
845 -0.20070849891759274
846 -0.22307230325841462
847 -0.2469637946855194
848 -0.2712853855979557
849 -0.29465919380180094
850 -0.3157097310565123
851 -0.33328721993728266
852 -0.3465919768084458
853 -0.35520244007729473
854 -0.3590363301720947
855 -0.35828088378505246
856 -0.3533199744525252
857 -0.3446728845705434
858 -0.3329485945185674
859 -0.31881328600609665
860 -0.30296679541751326
861 -0.2861243333399267
862 -0.2690013100699542
863 -0.25230047858856397
864 -0.236701280275173
865 -0.222851160661207
866 -0.21135791756342873
867 -0.2027811887189029
868 -0.19762032360364515
869 -0.1962954220943882
870 -0.19911857496549662
871 -0.2062536998425662
872 -0.2176663004838946
873 -0.2330693197748233
874 -0.2518776556965174
875 -0.27319004146550163
876 -0.2958191606630715
877 -0.3183846770253923
878 -0.3394676142233236
879 -0.3578029357567675
880 -0.37247057976946274
881 -0.38304195926315415
882 -0.3896475676585535
883 -0.392943029693983
884 -0.3939621838928066
885 -0.3938656965663925
886 -0.3936330944837078
887 -0.39379593444547384
888 -0.3943344252403475
889 -0.3948212575151893
890 -0.39479282819917766
891 -0.39420497595230886
892 -0.3937488306464503
893 -0.3948039099634887
894 -0.3989150986346248
895 -0.4069068148842424
896 -0.41802181214136086
897 -0.4295935871591289
898 -0.4375291886138499
899 -0.4373840501037584
900 -0.42549860689998786
901 -0.3998404336583582
902 -0.36054678373608934
903 -0.31018418797232616
904 -0.2534711516760226
905 -0.1961862772505041
906 -0.14348060034650362
907 -0.09837846523263583
908 -0.061246901664547375
909 -0.030405529993194447
910 -0.0033921311394605243
911 0.02182927552705729
912 0.04622246695041721
913 0.06971612429263084
914 0.09171862755470371
915 0.11175394455742638
916 0.12990230876447226
917 0.14689277128025394
918 0.16387470923751463
919 0.18201357869814136
920 0.20208948520777845
921 0.22424033388760764
922 0.24791489477059886
923 0.2720190281634443
924 0.29517892113557553
925 0.3160241448050973
926 0.33341049354647373
927 0.34654327844716476
928 0.35500421828637324
929 0.3587118887640743
930 0.35785184443489126
931 0.3528041419090592
932 0.34408284499263664
933 0.3322912051222286
934 0.3180900842095525
935 0.3021752514293575
936 0.28525977474002484
937 0.2680592639880035
938 0.2512791249101451
939 0.2356037034592259
940 0.2216871277183741
941 0.21014497795301024
942 0.20154496362811938
943 0.1963939088153585
944 0.19511786842422182
945 0.1980324512993004
946 0.20530182140276212
947 0.21688785924793894
948 0.23249590398913578
949 0.2515299471742625
950 0.2730761852410516
951 0.2959356742661195
952 0.3187201137563683
953 0.34000810524806546
954 0.3585377125125217
955 0.3733953038461474
956 0.3841584897195528
957 0.39096032190578717
958 0.39445355538322757
959 0.39566427047009967
960 0.3957430583881817
961 0.39566053964562914
962 0.3959434720231265
963 0.39657245342235736
964 0.3971241693926533
965 0.3971384688653665
966 0.3965688651012583
967 0.396094804338305
968 0.3970755287282188
969 0.40103323063138324
970 0.40877791123015134
971 0.4195588514782947
972 0.4307462564492864
973 0.4383116844034628
974 0.43788513705754123
975 0.42586652120610646
976 0.40024874490947115
977 0.361154848153033
978 0.31110589831351926
979 0.2547610963935077
980 0.19784344237315016
981 0.1454622005851263
982 0.10061667647284678
983 0.06366469586408081
984 0.03292933013977195
985 0.00595968243144475
986 -0.01926631580239895
987 -0.043700208692849504
988 -0.06726225886198373
989 -0.08935638903021188
990 -0.10950511440028987
991 -0.1277887299093795
992 -0.1449361388216764
993 -0.16209501011112162
994 -0.18042726350862764
995 -0.20070849891759293
996 -0.22307230325841465
997 -0.2469637946855196
998 -0.2712853855979557
999 -0.294659193801801
1000 -0.3157097310565124
1001 -0.3332872199372827
1002 -0.3465919768084459
1003 -0.3552024400772949
1004 -0.35903633017209474
1005 -0.35828088378505263
1006 -0.3533199744525252
1007 -0.3446728845705435
1008 -0.3329485945185675
1009 -0.3188132860060969
1010 -0.30296679541751337
1011 -0.2861243333399267
1012 -0.2690013100699544
1013 -0.25230047858856397
1014 -0.23670128027517306
1015 -0.22285116066120714
1016 -0.21135791756342878
1017 -0.20278118871890305
1018 -0.19762032360364507
1019 -0.1962954220943883
1020 -0.1991185749654965
1021 -0.20625369984256625
1022 -0.21766630048389432
1023 -0.23306931977482323
1024 -0.2518776556965172
1025 -0.27319004146550147
1026 -0.2958191606630711
1027 -0.31838467702539214
1028 -0.33946761422332344
1029 -0.3578029357567675
1030 -0.3724705797694627
1031 -0.38304195926315415
1032 -0.3896475676585535
1033 -0.3929430296939831
1034 -0.3939621838928066
1035 -0.39386569656639253
1036 -0.3936330944837077
1037 -0.39379593444547406
1038 -0.3943344252403476
1039 -0.3948212575151896
1040 -0.39479282819917744
1041 -0.394204975952309
1042 -0.3937488306464503
1043 -0.39480390996348874
1044 -0.3989150986346248
1045 -0.4069068148842424
1046 -0.41802181214136075
1047 -0.429593587159129
1048 -0.4375291886138498
1049 -0.43738405010375836
1050 -0.425498606899988
1051 -0.3998404336583584
1052 -0.3605467837360895
1053 -0.3101841879723266
1054 -0.25347115167602285
1055 -0.19618627725050447
1056 -0.14348060034650395
1057 -0.09837846523263592
1058 -0.061246901664547666
1059 -0.030405529993194555
1060 -0.0033921311394607455
1061 0.02182927552705723
1062 0.04622246695041715
1063 0.06971612429263077
1064 0.09171862755470371
1065 0.11175394455742624
1066 0.12990230876447226
1067 0.14689277128025385
1068 0.16387470923751454
1069 0.18201357869814136
1070 0.20208948520777845
1071 0.22424033388760745
1072 0.24791489477059886
1073 0.27201902816344414
1074 0.2951789211355754
1075 0.3160241448050973
1076 0.33341049354647373
1077 0.3465432784471648
1078 0.3550042182863731
1079 0.3587118887640745
1080 0.3578518444348915
1081 0.3528041419090592
1082 0.3440828449926368
1083 0.3322912051222286
1084 0.31809008420955276
1085 0.3021752514293577
1086 0.2852597747400252
1087 0.2680592639880036
1088 0.2512791249101455
1089 0.2356037034592259
1090 0.22168712771837423
1091 0.2101449779530097
1092 0.20154496362811952
1093 0.19639390881535812
1094 0.19511786842422205
1095 0.19803245129930017
1096 0.205301821402762
1097 0.21688785924793882
1098 0.23249590398913578
1099 0.25152994717426236
1100 0.2730761852410515
1101 0.2959356742661191
1102 0.3187201137563681
1103 0.34000810524806524
1104 0.3585377125125216
1105 0.37339530384614716
1106 0.3841584897195528
1107 0.39096032190578694
1108 0.39445355538322757
1109 0.39566427047009955
1110 0.3957430583881817
1111 0.39566053964562914
1112 0.3959434720231262
1113 0.39657245342235714
1114 0.3971241693926531
1115 0.3971384688653664
1116 0.3965688651012583
1117 0.3960948043383049
1118 0.39707552872821866
1119 0.40103323063138324
1120 0.4087779112301511
1121 0.4195588514782947
1122 0.4307462564492864
1123 0.4383116844034628
1124 0.43788513705754123
1125 0.42586652120610646
1126 0.4002487449094716
1127 0.361154848153033
1128 0.31110589831351954
1129 0.25476109639350797
1130 0.1978434423731504
1131 0.14546220058512652
1132 0.10061667647284704
1133 0.06366469586408112
1134 0.03292933013977219
1135 0.005959682431444806
1136 -0.019266315802398844
1137 -0.04370020869284931
1138 -0.06726225886198364
1139 -0.08935638903021179
1140 -0.10950511440028987
1141 -0.12778872990937934
1142 -0.14493613882167625
1143 -0.1620950101111215
1144 -0.1804272635086276
1145 -0.20070849891759152
1146 -0.2230723032584147
1147 -0.24696379468551885
1148 -0.27128538559795556
1149 -0.29465919380180045
1150 -0.31570973105651196
1151 -0.3332872199372823
1152 -0.3465919768084455
1153 -0.35520244007729457
1154 -0.3590363301720946
1155 -0.3582808837850525
1156 -0.35331997445252517
1157 -0.3446728845705433
1158 -0.33294859451856756
1159 -0.31881328600609676
1160 -0.3029667954175137
1161 -0.2861243333399267
1162 -0.2690013100699546
1163 -0.2523004785885638
1164 -0.23670128027517323
1165 -0.22285116066120708
1166 -0.21135791756342887
1167 -0.202781188718903
1168 -0.19762032360364515
1169 -0.1962954220943881
1170 -0.19911857496549634
1171 -0.20625369984256603
1172 -0.21766630048389413
1173 -0.23306931977482295
1174 -0.251877655696517
1175 -0.27319004146550124
1176 -0.29581916066307107
1177 -0.3183846770253919
1178 -0.3394676142233232
1179 -0.35780293575676736
1180 -0.3724705797694624
1181 -0.383041959263154
1182 -0.38964756765855335
1183 -0.3929430296939829
1184 -0.39396218389280674
1185 -0.3938656965663925
1186 -0.3936330944837077
1187 -0.39379593444547384
1188 -0.39433442524034745
1189 -0.3948212575151894
1190 -0.39479282819917744
1191 -0.3942049759523089
1192 -0.39374883064645017
1193 -0.39480390996348874
1194 -0.3989150986346246
1195 -0.4069068148842423
1196 -0.41802181214136064
1197 -0.4295935871591288
1198 -0.4375291886138498
1199 -0.4373840501037584
1200 -0.4254986068999882
1201 -0.39984043365835864
1202 -0.3605467837360898
1203 -0.31018418797232694
1204 -0.2534711516760232
1205 -0.1961862772505047
1206 -0.14348060034650426
1207 -0.0983784652326363
1208 -0.06124690166454777
1209 -0.030405529993194763
1210 -0.0033921311394607455
1211 0.021829275527056997
1212 0.046222466950416964
1213 0.06971612429263052
1214 0.09171862755470343
1215 0.11175394455742624
1216 0.12990230876447212
1217 0.14689277128025371
1218 0.16387470923751454
1219 0.18201357869814122
1220 0.20208948520777834
1221 0.2242403338876074
1222 0.24791489477059872
1223 0.27201902816344414
1224 0.29517892113557515
1225 0.31602414480509716
1226 0.33341049354647356
1227 0.3465432784471648
1228 0.3550042182863729
1229 0.35871188876407245
1230 0.35785184443489165
1231 0.3528041419090582
1232 0.3440828449926366
1233 0.33229120512222793
1234 0.31809008420955237
1235 0.30217525142935714
1236 0.28525977474002473
1237 0.26805926398800317
1238 0.25127912491014504
1239 0.23560370345922563
1240 0.2216871277183739
1241 0.2101449779530095
1242 0.2015449636281193
1243 0.19639390881535787
1244 0.19511786842422174
1245 0.19803245129929975
1246 0.2053018214027618
1247 0.21688785924793844
1248 0.2324959039891353
1249 0.251529947174262
1250 0.273076185241051
1251 0.29593567426611883
1252 0.3187201137563677
1253 0.34000810524806485
1254 0.3585377125125213
1255 0.3733953038461469
1256 0.38415848971955247
1257 0.3909603219057867
1258 0.39445355538322735
1259 0.39566427047009944
1260 0.3957430583881816
1261 0.395660539645629
1262 0.3959434720231263
1263 0.39657245342235714
1264 0.397124169392653
1265 0.3971384688653664
1266 0.3965688651012581
1267 0.3960948043383048
1268 0.39707552872821866
1269 0.401033230631383
1270 0.4087779112301511
1271 0.41955885147829447
1272 0.4307462564492864
1273 0.4383116844034628
1274 0.4378851370575411
1275 0.42586652120610646
1276 0.4002487449094716
1277 0.36115484815303306
1278 0.31110589831352
1279 0.2547610963935082
1280 0.19784344237315063
1281 0.14546220058512668
1282 0.10061667647284712
1283 0.06366469586408112
1284 0.032929330139772305
1285 0.0059596824314448625
1286 -0.019266315802398844
1287 -0.043700208692849206
1288 -0.06726225886198355
1289 -0.0893563890302117
1290 -0.10950511440028969
1291 -0.12778872990937934
1292 -0.14493613882167616
1293 -0.16209501011112146
1294 -0.18042726350862667
1295 -0.2007084989175916
1296 -0.22307230325841418
1297 -0.2469637946855186
1298 -0.27128538559795506
1299 -0.2946591938018002
1300 -0.3157097310565118
1301 -0.33328721993728216
1302 -0.3465919768084456
1303 -0.35520244007729457
1304 -0.3590363301720944
1305 -0.3582808837850525
1306 -0.3533199744525271
1307 -0.344672884570543
1308 -0.3329485945185667
1309 -0.31881328600609726
1310 -0.30296679541751326
1311 -0.2861243333399281
1312 -0.2690013100699542
1313 -0.25230047858856414
1314 -0.23670128027517348
1315 -0.22285116066120728
1316 -0.211357917563429
1317 -0.20278118871890224
1318 -0.19762032360364554
1319 -0.19629542209438916
1320 -0.1991185749654963
1321 -0.20625369984256647
1322 -0.21766630048389213
1323 -0.23306931977482373
1324 -0.2518776556965179
1325 -0.2731900414654991
1326 -0.2958191606630718
1327 -0.31838467702539086
1328 -0.33946761422332306
1329 -0.35780293575676697
1330 -0.37247057976946146
1331 -0.3830419592631538
1332 -0.3896475676585527
1333 -0.392943029693984
1334 -0.3939621838928059
1335 -0.39386569656639214
1336 -0.39363309448370787
1337 -0.3937959344454735
1338 -0.3943344252403476
1339 -0.3948212575151893
1340 -0.39479282819917744
1341 -0.39420497595230886
1342 -0.39374883064645017
1343 -0.39480390996348874
1344 -0.3989150986346234
1345 -0.4069068148842422
1346 -0.4180218121413617
1347 -0.4295935871591287
1348 -0.4375291886138506
1349 -0.4373840501037588
1350 -0.42549860689999297
1351 -0.3998404336583577
1352 -0.36054678373608595
1353 -0.31018418797232894
1354 -0.2534711516760217
1355 -0.19618627725050822
1356 -0.1434806003465027
1357 -0.09837846523263934
1358 -0.06124690166454727
1359 -0.03040552999319633
1360 -0.0033921311394625097
1361 0.021829275527056765
1362 0.04622246695041556
1363 0.06971612429263015
1364 0.09171862755470259
1365 0.11175394455742568
1366 0.12990230876447156
1367 0.14689277128025297
1368 0.16387470923751432
1369 0.18201357869814067
1370 0.20208948520777778
1371 0.22424033388760856
1372 0.24791489477059664
1373 0.2720190281634444
1374 0.29517892113557487
1375 0.31602414480509705
1376 0.33341049354647356
1377 0.3465432784471657
1378 0.3550042182863727
1379 0.3587118887640731
1380 0.3578518444348918
1381 0.35280414190905857
1382 0.3440828449926348
1383 0.3322912051222304
1384 0.31809008420955115
1385 0.302175251429357
1386 0.28525977474002445
1387 0.26805926398800306
1388 0.2512791249101455
1389 0.2356037034592255
1390 0.2216871277183741
1391 0.21014497795300927
1392 0.20154496362811947
1393 0.19639390881535884
1394 0.19511786842422
1395 0.1980324512993008
1396 0.20530182140276293
1397 0.21688785924793816
1398 0.2324959039891359
1399 0.2515299471742598
1400 0.2730761852410517
1401 0.2959356742661177
1402 0.3187201137563669
1403 0.34000810524806463
1404 0.3585377125125203
1405 0.37339530384614716
1406 0.3841584897195522
1407 0.39096032190578545
1408 0.39445355538322713
1409 0.39566427047009856
1410 0.39574305838818213
1411 0.3956605396456285
1412 0.3959434720231263
1413 0.39657245342235664
1414 0.397124169392653
1415 0.3971384688653661
1416 0.3965688651012583
1417 0.39609480433830435
1418 0.39707552872821905
1419 0.4010332306313828
1420 0.4087779112301511
1421 0.41955885147829625
1422 0.43074625644928594
1423 0.43831168440346396
1424 0.4378851370575434
1425 0.42586652120610635
1426 0.40024874490946766
1427 0.36115484815304233
1428 0.311105898313516
1429 0.25476109639350814
1430 0.19784344237315085
1431 0.14546220058512638
1432 0.10061667647284886
1433 0.06366469586408087
1434 0.03292933013977331
1435 0.00595968243144357
1436 -0.019266315802398095
1437 -0.04370020869284972
1438 -0.06726225886198316
1439 -0.08935638903021188
1440 -0.10950511440028951
1441 -0.12778872990937942
1442 -0.1449361388216761
1443 -0.16209501011112185
1444 -0.18042726350862653
1445 -0.2007084989175918
1446 -0.2230723032584125
1447 -0.24696379468551885
1448 -0.2712853855979555
1449 -0.2946591938017991
1450 -0.3157097310565118
1451 -0.33328721993728105
1452 -0.3465919768084455
1453 -0.3552024400772939
1454 -0.3590363301720927
1455 -0.35828088378505246
1456 -0.35331997445252616
1457 -0.3446728845705446
1458 -0.3329485945185675
1459 -0.31881328600609615
1460 -0.3029667954175155
1461 -0.2861243333399262
1462 -0.26900131006995476
1463 -0.252300478588564
1464 -0.23670128027517348
1465 -0.22285116066120736
1466 -0.21135791756342887
1467 -0.2027811887189032
1468 -0.1976203236036441
1469 -0.19629542209438838
1470 -0.19911857496549748
1471 -0.2062536998425637
1472 -0.21766630048389513
1473 -0.233069319774824
1474 -0.2518776556965167
1475 -0.27319004146550185
1476 -0.2958191606630725
1477 -0.3183846770253921
1478 -0.3394676142233241
1479 -0.3578029357567678
1480 -0.3724705797694632
1481 -0.3830419592631533
1482 -0.38964756765855557
1483 -0.39294302969398276
1484 -0.3939621838928068
1485 -0.39386569656639286
1486 -0.393633094483708
1487 -0.39379593444547406
1488 -0.3943344252403475
1489 -0.39482125751518987
1490 -0.39479282819917777
1491 -0.394204975952309
1492 -0.3937488306464506
1493 -0.39480390996348835
1494 -0.39891509863462465
1495 -0.40690681488424374
1496 -0.41802181214136047
1497 -0.4295935871591297
1498 -0.43752918861385
1499 -0.43738405010375914
1500 -0.425498606899989
1501 -0.39984043365836586
1502 -0.36054678373608917
1503 -0.31018418797232516
1504 -0.2534711516760311
1505 -0.19618627725050305
1506 -0.14348060034650856
1507 -0.09837846523263681
1508 -0.06124690166455051
1509 -0.030405529993195807
1510 -0.0033921311394627296
1511 0.021829275527055724
1512 0.04622246695041556
1513 0.06971612429262931
1514 0.09171862755470245
1515 0.11175394455742513
1516 0.12990230876447093
1517 0.1468927712802529
1518 0.16387470923751363
1519 0.18201357869814036
1520 0.20208948520777748
1521 0.22424033388760656
1522 0.24791489477059792
1523 0.27201902816344214
1524 0.29517892113557453
1525 0.31602414480509616
1526 0.33341049354647334
1527 0.3465432784471637
1528 0.35500421828637124
1529 0.35871188876407395
1530 0.35785184443489015
1531 0.35280414190905673
1532 0.3440828449926384
1533 0.332291205122227
1534 0.31809008420955653
1535 0.30217525142935625
1536 0.285259774740027
1537 0.26805926398800434
1538 0.2512791249101458
1539 0.23560370345922674
1540 0.22168712771837476
1541 0.2101449779530103
1542 0.2015449636281209
1543 0.19639390881535732
1544 0.19511786842422268
1545 0.19803245129929614
1546 0.20530182140276285
1547 0.21688785924793652
1548 0.23249590398913317
1549 0.25152994717426347
1550 0.27307618524105115
1551 0.2959356742661185
1552 0.3187201137563669
1553 0.34000810524806524
1554 0.3585377125125207
1555 0.37339530384614705
1556 0.3841584897195524
1557 0.39096032190578694
1558 0.39445355538322724
1559 0.3956642704701007
1560 0.39574305838818097
1561 0.3956605396456296
1562 0.3959434720231261
1563 0.39657245342235714
1564 0.3971241693926531
1565 0.3971384688653665
1566 0.3965688651012583
1567 0.3960948043383049
1568 0.39707552872821833
1569 0.40103323063138574
1570 0.4087779112301487
1571 0.4195588514782975
1572 0.4307462564492864
1573 0.43831168440346424
1574 0.4378851370575436
1575 0.4258665212061033
1576 0.40024874490948065
1577 0.3611548481530308
1578 0.31110589831352564
1579 0.25476109639350797
1580 0.19784344237314927
1581 0.14546220058512915
1582 0.10061667647284786
1583 0.0636646958640847
1584 0.03292933013977296
1585 0.005959682431445536
1586 -0.01926631580239671
1587 -0.043700208692848595
1588 -0.06726225886198209
1589 -0.08935638903021088
1590 -0.10950511440028864
1591 -0.12778872990937823
1592 -0.14493613882167528
1593 -0.1620950101111209
1594 -0.18042726350862653
1595 -0.2007084989175909
1596 -0.2230723032584122
1597 -0.24696379468551974
1598 -0.27128538559795246
1599 -0.2946591938018005
1600 -0.3157097310565101
1601 -0.3332872199372818
1602 -0.3465919768084425
1603 -0.35520244007729584
1604 -0.35903633017209063
1605 -0.358280883785053
1606 -0.35331997445252533
1607 -0.34467288457054485
1608 -0.3329485945185653
1609 -0.31881328600609976
1610 -0.3029667954175121
1611 -0.2861243333399283
1612 -0.26900131006995415
1613 -0.25230047858856364
1614 -0.23670128027517368
1615 -0.22285116066120708
1616 -0.21135791756342878
1617 -0.20278118871890205
1618 -0.1976203236036442
1619 -0.19629542209438916
1620 -0.19911857496549365
1621 -0.20625369984256647
1622 -0.2176663004838925
1623 -0.2330693197748228
1624 -0.2518776556965201
1625 -0.27319004146549813
1626 -0.29581916066307434
1627 -0.31838467702539025
1628 -0.3394676142233241
1629 -0.35780293575676725
1630 -0.37247057976946213
1631 -0.3830419592631554
1632 -0.38964756765855335
1633 -0.39294302969398365
1634 -0.39396218389280696
1635 -0.3938656965663916
1636 -0.39363309448370853
1637 -0.3937959344454734
1638 -0.394334425240348
1639 -0.3948212575151893
1640 -0.39479282819917777
1641 -0.3942049759523089
1642 -0.3937488306464503
1643 -0.3948039099634886
1644 -0.3989150986346245
1645 -0.40690681488424174
1646 -0.4180218121413643
1647 -0.42959358715912693
1648 -0.4375291886138518
1649 -0.4373840501037584
1650 -0.42549860689999436
1651 -0.39984043365836425
1652 -0.36054678373608606
1653 -0.31018418797234015
1654 -0.2534711516760216
1655 -0.1961862772505129
1656 -0.1434806003465054
1657 -0.09837846523264475
1658 -0.061246901664547576
1659 -0.030405529993200817
1660 -0.00339213113946262
1661 0.021829275527053466
1662 0.04622246695041459
1663 0.06971612429262786
1664 0.09171862755470132
1665 0.1117539445574239
1666 0.12990230876447015
1667 0.14689277128025152
1668 0.1638747092375137
1669 0.18201357869813833
1670 0.20208948520777706
1671 0.22424033388760545
1672 0.24791489477059594
1673 0.27201902816344126
1674 0.29517892113557403
1675 0.3160241448050951
1676 0.33341049354647195
1677 0.34654327844716115
1678 0.35500421828637185
1679 0.35871188876406873
1680 0.3578518444348929
1681 0.35280414190905535
1682 0.34408284499263664
1683 0.3322912051222283
1684 0.31809008420955326
1685 0.30217525142935553
1686 0.28525977474002445
1687 0.26805926398800267
1688 0.2512791249101437
1689 0.2356037034592252
1690 0.221687127718373
1691 0.21014497795300827
1692 0.20154496362811866
1693 0.19639390881535676
1694 0.19511786842421935
1695 0.19803245129929736
1696 0.20530182140276235
1697 0.21688785924793835
1698 0.23249590398913478
1699 0.25152994717426586
1700 0.27307618524105004
1701 0.295935674266122
1702 0.3187201137563652
1703 0.34000810524806685
1704 0.3585377125125203
1705 0.37339530384614866
1706 0.3841584897195537
1707 0.39096032190578656
1708 0.39445355538322713
1709 0.3956642704700999
1710 0.39574305838818014
1711 0.3956605396456296
1712 0.39594347202312524
1713 0.3965724534223569
1714 0.39712416939265266
1715 0.3971384688653662
1716 0.3965688651012581
1717 0.39609480433830435
1718 0.3970755287282188
1719 0.40103323063138385
1720 0.40877791123015034
1721 0.4195588514782984
1722 0.4307462564492851
1723 0.4383116844034651
1724 0.4378851370575459
1725 0.42586652120610724
1726 0.4002487449094757
1727 0.36115484815304255
1728 0.3111058983135283
1729 0.25476109639350847
1730 0.19784344237315638
1731 0.1454622005851296
1732 0.10061667647285477
1733 0.06366469586408395
1734 0.032929330139780125
1735 0.005959682431445031
1736 -0.01926631580239276
1737 -0.043700208692847284
1738 -0.0672622588619792
1739 -0.0893563890302092
1740 -0.10950511440028635
1741 -0.12778872990937673
1742 -0.14493613882167342
1743 -0.1620950101111199
1744 -0.18042726350862406
1745 -0.20070849891759132
1746 -0.2230723032584089
1747 -0.24696379468551796
1748 -0.2712853855979518
1749 -0.2946591938017982
1750 -0.31570973105650907
1751 -0.33328721993727956
1752 -0.34659197680844256
1753 -0.3552024400772925
1754 -0.359036330172089
1755 -0.3582808837850533
1756 -0.35331997445252145
1757 -0.34467288457054684
1758 -0.3329485945185644
1759 -0.3188132860060983
1760 -0.30296679541751337
1761 -0.28612433333992826
1762 -0.2690013100699536
1763 -0.2523004785885643
1764 -0.236701280275173
1765 -0.22285116066120772
1766 -0.21135791756342812
1767 -0.20278118871890305
1768 -0.19762032360364243
1769 -0.19629542209438838
1770 -0.19911857496549462
1771 -0.2062536998425637
1772 -0.2176663004838955
1773 -0.2330693197748229
1774 -0.2518776556965188
1775 -0.2731900414655009
1776 -0.2958191606630748
1777 -0.3183846770253903
1778 -0.3394676142233253
1779 -0.35780293575676736
1780 -0.3724705797694638
1781 -0.38304195926315443
1782 -0.389647567658556
1783 -0.3929430296939821
1784 -0.39396218389280735
1785 -0.393865696566392
1786 -0.3936330944837083
1787 -0.39379593444547367
1788 -0.3943344252403477
1789 -0.3948212575151894
1790 -0.39479282819917766
1791 -0.39420497595230886
1792 -0.3937488306464505
1793 -0.394803909963488
1794 -0.3989150986346258
1795 -0.40690681488424313
1796 -0.4180218121413625
1797 -0.4295935871591288
1798 -0.43752918861385115
1799 -0.4373840501037615
1800 -0.4254986068999897
1801 -0.3998404336583738
1802 -0.3605467837360892
1803 -0.3101841879723374
1804 -0.25347115167603124
1805 -0.19618627725050858
1806 -0.1434806003465117
1807 -0.0983784652326427
1808 -0.06124690166455354
1809 -0.030405529993202694
1810 -0.0033921311394642744
1811 0.021829275527050506
1812 0.04622246695041308
1813 0.06971612429262544
1814 0.09171862755469973
1815 0.11175394455742206
1816 0.12990230876446832
1817 0.14689277128025013
1818 0.1638747092375116
1819 0.1820135786981379
1820 0.20208948520777706
1821 0.22424033388760278
1822 0.24791489477059733
1823 0.2720190281634383
1824 0.29517892113557365
1825 0.31602414480509367
1826 0.33341049354647195
1827 0.3465432784471609
1828 0.35500421828637
1829 0.3587118887640702
1830 0.3578518444348892
1831 0.3528041419090543
1832 0.34408284499263697
1833 0.33229120512222504
1834 0.3180900842095553
1835 0.3021752514293547
1836 0.2852597747400258
1837 0.2680592639880029
1838 0.2512791249101446
1839 0.2356037034592255
1840 0.22168712771837357
1841 0.21014497795300927
1842 0.20154496362811986
1843 0.19639390881535612
1844 0.19511786842422174
1845 0.19803245129929511
1846 0.20530182140276196
1847 0.2168878592479354
1848 0.23249590398913234
1849 0.2515299471742624
1850 0.27307618524105026
1851 0.2959356742661176
1852 0.318720113756366
1853 0.34000810524806446
1854 0.3585377125125201
1855 0.37339530384614616
1856 0.3841584897195543
1857 0.39096032190578617
1858 0.39445355538322807
1859 0.3956642704701005
1860 0.3957430583881813
1861 0.3956605396456296
1862 0.3959434720231263
1863 0.39657245342235736
1864 0.3971241693926533
1865 0.39713846886536663
1866 0.3965688651012585
1867 0.396094804338305
1868 0.3970755287282188
1869 0.40103323063138324
1870 0.40877791123014917
1871 0.41955885147829625
1872 0.43074625644928616
1873 0.4383116844034637
1874 0.43788513705754323
1875 0.4258665212061031
1876 0.40024874490948076
1877 0.3611548481530308
1878 0.31110589831352564
1879 0.2547610963935081
1880 0.19784344237314946
1881 0.1454622005851292
1882 0.10061667647284805
1883 0.06366469586408463
1884 0.03292933013977302
1885 0.005959682431445536
1886 -0.019266315802396815
1887 -0.043700208692848595
1888 -0.06726225886198209
1889 -0.08935638903021097
1890 -0.10950511440028864
1891 -0.1277887299093783
1892 -0.14493613882167528
1893 -0.1620950101111209
1894 -0.18042726350862667
1895 -0.20070849891759074
1896 -0.22307230325841224
1897 -0.24696379468551974
1898 -0.27128538559795223
1899 -0.2946591938018005
1900 -0.31570973105651023
1901 -0.3332872199372816
1902 -0.34659197680844256
1903 -0.35520244007729584
1904 -0.3590363301720909
1905 -0.3582808837850532
1906 -0.35331997445252544
1907 -0.3446728845705452
1908 -0.3329485945185656
1909 -0.3188132860061
1910 -0.30296679541751265
1911 -0.2861243333399287
1912 -0.26900131006995454
1913 -0.25230047858856414
1914 -0.23670128027517393
1915 -0.22285116066120753
1916 -0.21135791756342923
1917 -0.20278118871890252
1918 -0.1976203236036443
1919 -0.19629542209438935
1920 -0.19911857496549357
1921 -0.20625369984256653
1922 -0.2176663004838925
1923 -0.2330693197748228
1924 -0.2518776556965199
1925 -0.2731900414654979
1926 -0.2958191606630741
1927 -0.3183846770253901
1928 -0.3394676142233239
1929 -0.3578029357567672
1930 -0.37247057976946196
1931 -0.38304195926315526
1932 -0.3896475676585532
1933 -0.39294302969398387
1934 -0.3939621838928069
1935 -0.3938656965663916
1936 -0.39363309448370853
1937 -0.39379593444547356
1938 -0.394334425240348
1939 -0.3948212575151895
1940 -0.39479282819917777
1941 -0.3942049759523089
1942 -0.39374883064645044
1943 -0.39480390996348874
1944 -0.3989150986346246
1945 -0.40690681488424174
1946 -0.4180218121413643
1947 -0.42959358715912666
1948 -0.4375291886138518
1949 -0.4373840501037584
1950 -0.4254986068999946
1951 -0.3998404336583646
1952 -0.3605467837360865
1953 -0.31018418797234076
1954 -0.25347115167602224
1955 -0.19618627725051352
1956 -0.14348060034650595
1957 -0.0983784652326454
1958 -0.061246901664547965
1959 -0.030405529993201126
1960 -0.00339213113946284
1961 0.021829275527053233
1962 0.04622246695041441
1963 0.06971612429262761
1964 0.09171862755470099
1965 0.11175394455742364
1966 0.12990230876446987
1967 0.14689277128025144
1968 0.16387470923751332
1969 0.1820135786981382
1970 0.2020894852077769
1971 0.22424033388760523
1972 0.2479148947705956
1973 0.272019028163441
1974 0.2951789211355736
1975 0.3160241448050947
1976 0.33341049354647195
1977 0.34654327844716304
1978 0.3550042182863716
1979 0.3587118887640697
1980 0.3578518444348931
1981 0.35280414190905635
1982 0.3440828449926372
1983 0.33229120512222915
1984 0.31809008420955376
1985 0.30217525142935625
1986 0.285259774740025
1987 0.26805926398800306
1988 0.25127912491014426
1989 0.23560370345922596
1990 0.22168712771837348
1991 0.21014497795300893
1992 0.20154496362811913
1993 0.19639390881535718
1994 0.1951178684242196
1995 0.1980324512992976
1996 0.2053018214027626
1997 0.21688785924793835
1998 0.23249590398913486
1999 0.25152994717426574
