0 0.0
1 0.0
2 -0.006647691956876329
3 0.04722839822354506
4 0.07918154247440093
5 0.1257275830940863
6 0.15504842045890427
7 0.182634482167219
8 0.19868916662238148
9 0.21230891252666767
10 0.2219049824179569
11 0.23218554338081152
12 0.24223093484969668
13 0.2528976082075387
14 0.2627580128080856
15 0.27170303418101377
16 0.27949147726375734
17 0.2870131493836778
18 0.29527352380510385
19 0.30545082555123176
20 0.31817328585301874
21 0.33346984763728715
22 0.3506338502002016
23 0.36849047432974297
24 0.3856355105646189
25 0.400743278680623
26 0.4127375116052629
27 0.4208876400096356
28 0.42480082436382166
29 0.42438011994458213
30 0.41976103491444716
31 0.41125814129872934
32 0.3993197738704015
33 0.3844950125125257
34 0.36740611811471025
35 0.34872568572178586
36 0.3291557362170023
37 0.3094096519534556
38 0.2901968461938541
39 0.27221072610649455
40 0.2561189450631281
41 0.24255426883911274
42 0.23210314474803398
43 0.22528869438586105
44 0.22254482646574944
45 0.22417928585126992
46 0.23032578915667123
47 0.24088947687468867
48 0.25549542548799364
49 0.27345567383053176
50 0.29377323050575
51 0.31519831451925395
52 0.3363408339246459
53 0.3558267406513076
54 0.3724719185588111
55 0.38544263987392813
56 0.3943760549811841
57 0.399439480450528
58 0.4013062914768161
59 0.40102458407914815
60 0.39977160801351463
61 0.39853659329946267
62 0.39783996550998446
63 0.3976273308328724
64 0.3974277992861019
65 0.39674847279064906
66 0.3955510606442357
67 0.39457919813255626
68 0.39530286761337163
69 0.3993549601556217
70 0.40759280438817214
71 0.41923157780931797
72 0.4315796716039318
73 0.44055480621086474
74 0.4416396554190717
75 0.4308025338289029
76 0.40528248897494823
77 0.36447962256426286
78 0.3109131285047924
79 0.25040239126169267
80 0.19046006200238058
81 0.13738478108877905
82 0.09409244704331834
83 0.059989694795395405
84 0.03235930039332427
85 0.008072618587605095
86 -0.01515635645523692
87 -0.038262706796130974
88 -0.06102431342505426
89 -0.08269532471820773
90 -0.10271269530334028
91 -0.12115663826810703
92 -0.13881853840687583
93 -0.15692408634261765
94 -0.1766807022731857
95 -0.19884250825357389
96 -0.2234402368660795
97 -0.24974461189101949
98 -0.276447339330622
99 -0.3019745738115837
100 -0.32481518398666803
101 -0.3437640313438997
102 -0.3580362673943935
103 -0.36726719345404485
104 -0.37144390085875845
105 -0.370815295300849
106 -0.36581041678736087
107 -0.3569768057870735
108 -0.34493876328755246
109 -0.33037031834789676
110 -0.31397717072442954
111 -0.29648332401658734
112 -0.2786199347708627
113 -0.2611152721837155
114 -0.24468534699837516
115 -0.23002475439774628
116 -0.21779674901275914
117 -0.20862075144867323
118 -0.20305463144579755
119 -0.20156855324239167
120 -0.2045073889143081
121 -0.21204040286049058
122 -0.22410087594042472
123 -0.2403249320973078
124 -0.260006955235405
125 -0.2820950435598132
126 -0.30524828792335634
127 -0.3279640756795887
128 -0.3487607809923012
129 -0.3663802736634121
130 -0.379967905407832
131 -0.3891965457131782
132 -0.39431406399918695
133 -0.39609806595931274
134 -0.3957011788903612
135 -0.3943852656551952
136 -0.3931902034271095
137 -0.39264711271539005
138 -0.3926773389837878
139 -0.39277047716199576
140 -0.39241173777442007
141 -0.39159075776640095
142 -0.39113815254015327
143 -0.39264184468686975
144 -0.39782280050278956
145 -0.40751855044163987
146 -0.4207421001236398
147 -0.43439512387988666
148 -0.4438873915293571
149 -0.4443238292020927
150 -0.4316622449977668
151 -0.4036051209532117
152 -0.36040592630398477
153 -0.30551529071441413
154 -0.24527948945456743
155 -0.18702173637877273
156 -0.13633051858413284
157 -0.0953849327688196
158 -0.06314742565989714
159 -0.03676487467381242
160 -0.013161998972422834
161 0.00981124390196609
162 0.03293838507019613
163 0.05587377170419026
164 0.07779387122809422
165 0.09809284330833291
166 0.11682212460006638
167 0.1347465092090608
168 0.1530627918118446
169 0.1729419377010707
170 0.19509187479028803
171 0.219497971770258
172 0.24540829524689708
173 0.27153238066923363
174 0.2963534416317185
175 0.3184360859471499
176 0.33664321689637
177 0.35023280869158285
178 0.3588550538098188
179 0.36249284947181487
180 0.3613849968687958
181 0.35595569301335445
182 0.3467587030291524
183 0.33443555339467135
184 0.31968394548878226
185 0.3032329282210894
186 0.2858228863618878
187 0.2681896801867711
188 0.2510527514363387
189 0.23510670902552844
190 0.22101512361787926
191 0.20940434055102256
192 0.20085434565040552
193 0.19588329905018992
194 0.1949225056585573
195 0.19827963125960185
196 0.20609033003840915
197 0.21826250415555382
198 0.23442305174676675
199 0.25388288087561084
200 0.2756392719650246
201 0.29843161964835385
202 0.32085517118890206
203 0.3415204215451615
204 0.359231061969746
205 0.37314821566566186
206 0.38291313819584777
207 0.3887063717297597
208 0.39122110438759045
209 0.3915275514984618
210 0.3908225911261322
211 0.39010878366901225
212 0.38991203897607885
213 0.39017684863879976
214 0.3904282227098982
215 0.3901707863220293
216 0.38936899438612577
217 0.3887751453503785
218 0.3898708417817689
219 0.39429802256414476
220 0.4029149579913432
221 0.41492685012494585
222 0.42762279589464725
223 0.4368978270373223
224 0.4382165585705969
225 0.4275409293643618
226 0.4021196649781328
227 0.3613790006163497
228 0.30787362471325785
229 0.24745170521382556
230 0.18763330239171003
231 0.1347048089874841
232 0.0915649357812853
233 0.05760900889802354
234 0.030115491588016526
235 0.005955534685014416
236 -0.017155316298773034
237 -0.04015014908890216
238 -0.06280523544989425
239 -0.08437391731741756
240 -0.10429304083107523
241 -0.12264296030356203
242 -0.1402150264850278
243 -0.1582345391775088
244 -0.1779082285226565
245 -0.19998944081488726
246 -0.22450834693433783
247 -0.2507356172091687
248 -0.27736356175476556
249 -0.30281949180088313
250 -0.32559365023097897
251 -0.344482084901234
252 -0.35870064889412007
253 -0.3678847581318053
254 -0.372021098906431
255 -0.3713578088826294
256 -0.3663229688746022
257 -0.35746311378699236
258 -0.3454015970454858
259 -0.33081162436639994
260 -0.3143982317332886
261 -0.2968849301782459
262 -0.2790025485492333
263 -0.26147917363572937
264 -0.24503075056721754
265 -0.23035189243526963
266 -0.21810592112553612
267 -0.20891234212320717
268 -0.20332910115307376
269 -0.20182641044441377
270 -0.20474915231010649
271 -0.2122665648995796
272 -0.22431187968455898
273 -0.24052117271879686
274 -0.260188812982071
275 -0.28226294564982
276 -0.3054027840098275
277 -0.3281059007647488
278 -0.3488908784557898
279 -0.3664997630007233
280 -0.38007799955872107
281 -0.38929844101670974
282 -0.39440883372659413
283 -0.39618658504630855
284 -0.3957840965651371
285 -0.3944630281176113
286 -0.3932631142111919
287 -0.39271540802593446
288 -0.39274125226747025
289 -0.39283027189323155
290 -0.3924676991469741
291 -0.3916431510727113
292 -0.3911871725820509
293 -0.3926875867257025
294 -0.3978652739507461
295 -0.4075577384332198
296 -0.42077805122630374
297 -0.43442804588262934
298 -0.4439177024174831
299 -0.44435212739455404
300 -0.43168919747815315
301 -0.4036313039973537
302 -0.3604316728897948
303 -0.30554061805682486
304 -0.24530417211504943
305 -0.18704549394738063
306 -0.13635317687881596
307 -0.0954064565254751
308 -0.06316785854504232
309 -0.03678427558757792
310 -0.013180414925873147
311 0.009793778520457421
312 0.03292184221234507
313 0.05585812518801884
314 0.07777909507250344
315 0.0980789118088849
316 0.11680901308816913
317 0.13473419478830934
318 0.15305125372093714
319 0.17293115709973436
320 0.19508183369045637
321 0.2194886508246927
322 0.24539967051973818
323 0.27152442029748
324 0.29634610381814896
325 0.31842931939272356
326 0.33663696370170987
327 0.3502270087084067
328 0.3588496490657849
329 0.3624877876376509
330 0.36138023334557506
331 0.3559511916979727
332 0.34675443604830175
333 0.3344315001480898
334 0.31968009131008024
335 0.30322926290794233
336 0.28581940276731227
337 0.2681863730027196
338 0.25104961624220035
339 0.23510374162235498
340 0.22101231962971551
341 0.20940169525047245
342 0.2008518539550869
343 0.1958809556354851
344 0.19492030513430247
345 0.19827756835945434
346 0.20608839976912058
347 0.2182607018522486
348 0.23442137298748458
349 0.25388132123384316
350 0.27563782662783104
351 0.298430282991025
352 0.3208539364476047
353 0.3415192807324778
354 0.35923000611768696
355 0.3731472353758058
356 0.3829122243715459
357 0.3887055163020483
358 0.39122030084191417
359 0.3915267950620995
360 0.3908218785751075
361 0.39010811283319496
362 0.38991140812126385
363 0.3901762559465993
364 0.3904276660423247
365 0.3901702633495478
366 0.38936850299965287
367 0.38877468412789906
368 0.38987041022104313
369 0.3942976208791999
370 0.4029145864726543
371 0.4149265082774461
372 0.42762248170067146
373 0.4368975366868993
374 0.43821628682719804
375 0.4275406704904586
376 0.40211941400707163
377 0.3613787546535402
378 0.3078733836715925
379 0.24745147127624936
380 0.1876330783197582
381 0.13470459657284045
382 0.0915647354608997
383 0.05760882021994317
384 0.03011531376275688
385 0.005955366908602979
386 -0.017155474707164792
387 -0.040150298652587346
388 -0.0628053765654108
389 -0.08437405031801065
390 -0.10429316604164579
391 -0.12264307806008724
392 -0.1402151371204404
393 -0.1582346429933934
394 -0.17790832576566237
395 -0.19998953167012387
396 -0.22450843154250055
397 -0.25073569570688686
398 -0.2773636343266797
399 -0.3028195587233243
400 -0.3255937118890965
401 -0.34448214177402775
402 -0.3587007015159981
403 -0.3678848070460952
404 -0.3720211446242399
405 -0.37135785185413467
406 -0.3663230094739298
407 -0.3574631523085705
408 -0.34540163370865085
409 -0.3308116593252447
410 -0.31439826508930835
411 -0.2968849619939033
412 -0.27900257886102614
413 -0.2614792024657026
414 -0.24503077793222272
415 -0.23035191835358337
416 -0.21810594562077712
417 -0.20891236522573217
418 -0.20332912289927538
419 -0.20182643087450297
420 -0.20474917146512253
421 -0.21226658281849578
422 -0.22431189640245242
423 -0.2405211882669623
424 -0.26018882739063176
425 -0.28226295895262987
426 -0.3054027962504493
427 -0.3281059120014311
428 -0.3488908887632927
429 -0.3664997724677563
430 -0.38007800828139504
431 -0.3892984490898158
432 -0.39440884123517045
433 -0.39618659205967577
434 -0.3957841031347306
435 -0.39446303427878043
436 -0.3932631199879804
437 -0.39271541343705313
438 -0.3927412573314107
439 -0.39283027663086734
440 -0.3924677035808979
441 -0.39164315522394144
442 -0.3911871764660196
443 -0.39268759034995476
444 -0.3978652773160254
445 -0.4075577415381884
446 -0.4207780540748067
447 -0.43442804849113076
448 -0.4439177048191014
449 -0.4443521296367054
450 -0.431689199613682
451 -0.4036313060719246
452 -0.3604316749297903
453 -0.3055406200636066
454 -0.24530417407076105
455 -0.18704549582979377
456 -0.13635317867413355
457 -0.09540645823089755
458 -0.063167860164031
459 -0.03678427712479934
460 -0.013180416385051102
461 0.009793777136595747
462 0.032921840901579506
463 0.055858123948273206
464 0.0777790939017204
465 0.09807891070502682
466 0.11680901204928272
467 0.13473419381257945
468 0.15305125280671886
469 0.17293115624553546
470 0.19508183289485106
471 0.21948865008614904
472 0.2453996698363593
473 0.2715244196667408
474 0.2963461032367381
475 0.3184293188565765
476 0.33663696320623887
477 0.3502270082488451
478 0.3588496486375408
479 0.3624877872365769
480 0.36138023296813826
481 0.3559511913413121
482 0.3467544357102073
483 0.3344314998269316
484 0.3196800910046949
485 0.30322926261752203
486 0.28581940249129056
487 0.2681863727406757
488 0.25104961599378367
489 0.2351037413872334
490 0.22101231940754235
491 0.20940169504087236
492 0.2008518537576581
493 0.19588095544980572
494 0.1949203049599444
495 0.19827756819600115
496 0.20608839961617592
497 0.2182607017094427
498 0.2344213728544693
499 0.2538813211102654
500 0.27563782651331
501 0.2984302828851152
502 0.32085393634977
503 0.3415192806420858
504 0.35923000603402666
505 0.3731472352981328
506 0.38291222429913907
507 0.3887055162342688
508 0.39122030077824566
509 0.39152679500216325
510 0.3908218785186487
511 0.3901081127800415
512 0.3899114080712782
513 0.39017625589963756
514 0.3904276659982172
515 0.3901702633081101
516 0.3893685029607179
517 0.38877468409135424
518 0.3898704101868486
519 0.3942976208473721
520 0.40291458644321726
521 0.4149265082503598
522 0.42762248167577643
523 0.43689753666389336
524 0.43821628680566715
525 0.4275406704699454
526 0.4021194139871852
527 0.3613787546340513
528 0.3078733836524934
529 0.24745147125771455
530 0.18763307830200424
531 0.13470459655601022
532 0.09156473544502766
533 0.05760882020499408
534 0.030115313748667046
535 0.005955366895309556
536 -0.017155474719716082
537 -0.04015029866443801
538 -0.06280537657659203
539 -0.08437405032854874
540 -0.10429316605156674
541 -0.12264307806941735
542 -0.14021513712920639
543 -0.1582346430016193
544 -0.1779083257733672
545 -0.1999895316773226
546 -0.224508431549204
547 -0.25073569571310667
548 -0.27736363433242983
549 -0.30281955872862665
550 -0.3255937118939818
551 -0.34448214177853415
552 -0.35870070152016736
553 -0.3678848070499707
554 -0.37202114462786245
555 -0.3713578518575399
556 -0.36632300947714663
557 -0.3574631523116229
558 -0.34540163371155563
559 -0.3308116593280146
560 -0.3143982650919511
561 -0.29688496199642467
562 -0.27900257886342794
563 -0.2614792024679869
564 -0.24503077793439113
565 -0.23035191835563712
566 -0.21810594562271823
567 -0.2089123652275625
568 -0.20332912290099847
569 -0.20182643087612157
570 -0.2047491714666406
571 -0.21226658281991545
572 -0.22431189640377694
573 -0.24052118826819407
574 -0.26018882739177285
575 -0.2822629589536839
576 -0.30540279625141914
577 -0.3281059120023214
578 -0.3488908887641094
579 -0.3664997724685064
580 -0.3800780082820859
581 -0.38929844909045547
582 -0.3944088412357658
583 -0.39618659206023144
584 -0.39578410313525153
585 -0.3944630342792684
586 -0.3932631199884383
587 -0.3927154134374817
588 -0.39274125733181214
589 -0.3928302766312423
590 -0.39246770358124955
591 -0.39164315522427023
592 -0.39118717646632717
593 -0.392687590350242
594 -0.39786527731629195
595 -0.40755774153843405
596 -0.42077805407503216
597 -0.4344280484913374
598 -0.4439177048192917
599 -0.4443521296368832
600 -0.4316891996138513
601 -0.40363130607208925
602 -0.3604316749299523
603 -0.3055406200637662
604 -0.24530417407091643
605 -0.1870454958299431
606 -0.13635317867427582
607 -0.095406458231033
608 -0.06316786016415953
609 -0.0367842771249213
610 -0.013180416385166786
611 0.00979377713648588
612 0.03292184090147521
613 0.05585812394817468
614 0.07777909390162754
615 0.0980789107049394
616 0.11680901204920047
617 0.13473419381250196
618 0.1530512528066466
619 0.17293115624546748
620 0.19508183289478803
621 0.2194886500860903
622 0.2453996698363049
623 0.27152441966669055
624 0.29634610323669197
625 0.31842931885653414
626 0.33663696320619924
627 0.3502270082488086
628 0.3588496486375068
629 0.36248778723654507
630 0.36138023296810823
631 0.35595119134128383
632 0.34675443571018083
633 0.3344314998269066
634 0.31968009100467104
635 0.3032292626174991
636 0.2858194024912687
637 0.2681863727406552
638 0.25104961599376435
639 0.2351037413872152
640 0.22101231940752453
641 0.2094016950408562
642 0.20085185375764208
643 0.19588095544979103
644 0.1949203049599303
645 0.19827756819598782
646 0.20608839961616365
647 0.21826070170943132
648 0.23442137285445738
649 0.2538813211102557
650 0.27563782651330015
651 0.2984302828851066
652 0.32085393634976195
653 0.34151928064207837
654 0.3592300060340198
655 0.37314723529812593
656 0.38291222429913335
657 0.3887055162342631
658 0.3912203007782413
659 0.3915267950021581
660 0.3908218785186446
661 0.390108112780037
662 0.3899114080712742
663 0.3901762558996338
664 0.390427665998214
665 0.3901702633081069
666 0.38936850296071507
667 0.38877468409135146
668 0.38987041018684565
669 0.3942976208473688
670 0.402914586443215
671 0.41492650825035693
672 0.42762248167577444
673 0.43689753666389136
674 0.43821628680566416
675 0.42754067046994637
676 0.40211941398718565
677 0.3613787546340469
678 0.3078733836524943
679 0.24745147125771214
680 0.18763307830200435
681 0.1347045965560085
682 0.09156473544502694
683 0.05760882020499235
684 0.03011531374866522
685 0.0059553668953095
686 -0.017155474719717904
687 -0.040150298664438325
688 -0.0628053765765933
689 -0.08437405032854949
690 -0.10429316605156772
691 -0.12264307806941821
692 -0.14021513712920688
693 -0.15823464300162007
694 -0.17790832577336774
695 -0.19998953167732234
696 -0.22450843154920502
697 -0.25073569571310633
698 -0.2773636343324297
699 -0.3028195587286273
700 -0.3255937118939818
701 -0.34448214177853453
702 -0.35870070152016814
703 -0.36788480704996995
704 -0.3720211446278629
705 -0.3713578518575393
706 -0.36632300947714846
707 -0.3574631523116229
708 -0.3454016337115566
709 -0.3308116593280161
710 -0.31439826509195123
711 -0.29688496199642567
712 -0.2790025788634283
713 -0.26147920246798767
714 -0.24503077793439118
715 -0.23035191835563779
716 -0.21810594562271832
717 -0.20891236522756362
718 -0.20332912290099847
719 -0.2018264308761224
720 -0.20474917146663968
721 -0.21226658281991734
722 -0.2243118964037765
723 -0.24052118826819355
724 -0.2601888273917722
725 -0.28226295895368486
726 -0.30540279625141814
727 -0.3281059120023216
728 -0.34889088876410906
729 -0.36649977246850685
730 -0.3800780082820857
731 -0.3892984490904562
732 -0.3944088412357645
733 -0.39618659206023205
734 -0.395784103135251
735 -0.3944630342792694
736 -0.39326311998843794
737 -0.3927154134374819
738 -0.3927412573318118
739 -0.3928302766312428
740 -0.39246770358124955
741 -0.3916431552242703
742 -0.39118717646632717
743 -0.3926875903502426
744 -0.39786527731629184
745 -0.40755774153843466
746 -0.4207780540750314
747 -0.43442804849133826
748 -0.4439177048192909
749 -0.44435212963688364
750 -0.4316891996138513
751 -0.4036313060720897
752 -0.36043167492995287
753 -0.3055406200637707
754 -0.2453041740709127
755 -0.18704549582994662
756 -0.13635317867427466
757 -0.09540645823103362
758 -0.06316786016416048
759 -0.0367842771249212
760 -0.013180416385167435
761 0.009793777136485765
762 0.032921840901474674
763 0.055858123948174555
764 0.07777909390162709
765 0.09807891070493893
766 0.11680901204919963
767 0.1347341938125016
768 0.1530512528066459
769 0.17293115624546734
770 0.1950818328947882
771 0.2194886500860898
772 0.24539966983630573
773 0.2715244196666902
774 0.29634610323669225
775 0.31842931885653347
776 0.33663696320619907
777 0.3502270082488093
778 0.3588496486375075
779 0.36248778723654546
780 0.36138023296810884
781 0.35595119134128306
782 0.3467544357101815
783 0.3344314998269049
784 0.3196800910046717
785 0.3032292626174985
786 0.28581940249126964
787 0.2681863727406545
788 0.25104961599376485
789 0.23510374138721468
790 0.22101231940752514
791 0.20940169504085643
792 0.20085185375764267
793 0.19588095544979126
794 0.1949203049599317
795 0.1982775681959879
796 0.2060883996161643
797 0.2182607017094304
798 0.23442137285445963
799 0.25388132111025363
800 0.2756378265133001
801 0.298430282885106
802 0.32085393634976295
803 0.341519280642078
804 0.35923000603402017
805 0.37314723529812593
806 0.38291222429913335
807 0.38870551623426314
808 0.3912203007782411
809 0.3915267950021581
810 0.39082187851864514
811 0.3901081127800372
812 0.3899114080712745
813 0.39017625589963423
814 0.39042766599821427
815 0.3901702633081072
816 0.3893685029607149
817 0.3887746840913517
818 0.389870410186846
819 0.394297620847369
820 0.40291458644321543
821 0.4149265082503564
822 0.4276224816757743
823 0.43689753666389064
824 0.43821628680566277
825 0.4275406704699443
826 0.4021194139871852
827 0.3613787546340455
828 0.30787338365249367
829 0.247451471257711
830 0.18763307830200499
831 0.13470459655600744
832 0.09156473544502622
833 0.0576088202049934
834 0.030115313748665516
835 0.005955366895310286
836 -0.017155474719717904
837 -0.04015029866443781
838 -0.0628053765765933
839 -0.08437405032854911
840 -0.10429316605156745
841 -0.12264307806941796
842 -0.14021513712920697
843 -0.1582346430016196
844 -0.17790832577336788
845 -0.19998953167732408
846 -0.22450843154920544
847 -0.25073569571310733
848 -0.27736363433243
849 -0.30281955872862776
850 -0.3255937118939823
851 -0.3444821417785351
852 -0.3587007015201691
853 -0.3678848070499717
854 -0.3720211446278652
855 -0.37135785185753895
856 -0.36632300947714663
857 -0.3574631523116224
858 -0.34540163371155586
859 -0.3308116593280156
860 -0.31439826509195024
861 -0.29688496199642517
862 -0.2790025788634277
863 -0.2614792024679879
864 -0.24503077793439068
865 -0.23035191835563779
866 -0.2181059456227184
867 -0.20891236522756357
868 -0.20332912290099903
869 -0.2018264308761224
870 -0.20474917146663996
871 -0.21226658281991717
872 -0.22431189640377674
873 -0.24052118826819371
874 -0.2601888273917709
875 -0.2822629589536839
876 -0.3054027962514169
877 -0.3281059120023214
878 -0.3488908887641083
879 -0.36649977246850607
880 -0.38007800828208554
881 -0.389298449090456
882 -0.39440884123576414
883 -0.39618659206023193
884 -0.3957841031352514
885 -0.39446303427926915
886 -0.3932631199884379
887 -0.39271541343748173
888 -0.39274125733181214
889 -0.3928302766312425
890 -0.39246770358124977
891 -0.3916431552242703
892 -0.3911871764663274
893 -0.3926875903502426
894 -0.397865277316292
895 -0.4075577415384334
896 -0.4207780540750302
897 -0.4344280484913371
898 -0.4439177048192904
899 -0.4443521296368817
900 -0.43168919961384866
901 -0.40363130607208914
902 -0.36043167492995104
903 -0.3055406200637698
904 -0.2453041740709113
905 -0.18704549582994573
906 -0.13635317867427374
907 -0.0954064582310319
908 -0.06316786016415875
909 -0.03678427712492161
910 -0.013180416385166462
911 0.00979377713648588
912 0.032921840901475624
913 0.05585812394817511
914 0.0777790939016276
915 0.09807891070493946
916 0.1168090120492004
917 0.1347341938125021
918 0.1530512528066461
919 0.17293115624546765
920 0.1950818328947886
921 0.21948865008609006
922 0.24539966983630582
923 0.2715244196666903
924 0.29634610323669225
925 0.31842931885653397
926 0.33663696320619946
927 0.35022700824880953
928 0.3588496486375076
929 0.3624877872365474
930 0.36138023296810884
931 0.3559511913412844
932 0.3467544357101817
933 0.3344314998269057
934 0.3196800910046722
935 0.3032292626174993
936 0.28581940249127
937 0.26818637274065504
938 0.25104961599376546
939 0.2351037413872151
940 0.22101231940752547
941 0.20940169504085698
942 0.20085185375764297
943 0.19588095544979156
944 0.1949203049599318
945 0.19827756819598846
946 0.2060883996161648
947 0.2182607017094306
948 0.2344213728544594
949 0.25388132111025374
950 0.27563782651330027
951 0.2984302828851062
952 0.32085393634976295
953 0.341519280642078
954 0.3592300060340204
955 0.3731472352981261
956 0.3829122242991336
957 0.38870551623426314
958 0.3912203007782413
959 0.39152679500215837
960 0.39082187851864514
961 0.3901081127800372
962 0.3899114080712747
963 0.39017625589963423
964 0.3904276659982144
965 0.3901702633081071
966 0.3893685029607153
967 0.3887746840913517
968 0.3898704101868462
969 0.394297620847369
970 0.4029145864432152
971 0.41492650825035626
972 0.4276224816757742
973 0.43689753666389075
974 0.43821628680566277
975 0.4275406704699443
976 0.40211941398718565
977 0.36137875463404595
978 0.307873383652494
979 0.24745147125771144
980 0.18763307830200515
981 0.13470459655600772
982 0.09156473544502627
983 0.057608820204990856
984 0.030115313748666106
985 0.005955366895308994
986 -0.017155474719718008
987 -0.040150298664438734
988 -0.0628053765765934
989 -0.08437405032854957
990 -0.10429316605156796
991 -0.12264307806941854
992 -0.14021513712920722
993 -0.15823464300161982
994 -0.17790832577336813
995 -0.19998953167732436
996 -0.2245084315492053
997 -0.25073569571310733
998 -0.27736363433243
999 -0.302819558728628
1000 -0.3255937118939823
1001 -0.3444821417785348
1002 -0.3587007015201691
1003 -0.3678848070499717
1004 -0.3720211446278652
1005 -0.3713578518575393
1006 -0.36632300947714663
1007 -0.3574631523116227
1008 -0.34540163371155586
1009 -0.3308116593280156
1010 -0.31439826509195073
1011 -0.29688496199642517
1012 -0.2790025788634277
1013 -0.2614792024679879
1014 -0.24503077793439096
1015 -0.23035191835563779
1016 -0.21810594562271868
1017 -0.2089123652275639
1018 -0.20332912290099903
1019 -0.2018264308761224
1020 -0.20474917146663996
1021 -0.21226658281991717
1022 -0.2243118964037765
1023 -0.24052118826819371
1024 -0.2601888273917705
1025 -0.28226295895368375
1026 -0.3054027962514167
1027 -0.3281059120023214
1028 -0.3488908887641081
1029 -0.36649977246850607
1030 -0.38007800828208554
1031 -0.389298449090456
1032 -0.39440884123576414
1033 -0.39618659206023193
1034 -0.3957841031352512
1035 -0.3944630342792694
1036 -0.39326311998843805
1037 -0.3927154134374822
1038 -0.39274125733181225
1039 -0.3928302766312425
1040 -0.3924677035812496
1041 -0.39164315522427057
1042 -0.3911871764663274
1043 -0.3926875903502426
1044 -0.397865277316292
1045 -0.4075577415384331
1046 -0.4207780540750302
1047 -0.4344280484913371
1048 -0.4439177048192902
1049 -0.4443521296368817
1050 -0.4316891996138484
1051 -0.4036313060720894
1052 -0.3604316749299513
1053 -0.3055406200637705
1054 -0.24530417407091165
1055 -0.1870454958299461
1056 -0.13635317867427393
1057 -0.09540645823103201
1058 -0.06316786016415885
1059 -0.03678427712492171
1060 -0.013180416385166786
1061 0.009793777136485595
1062 0.03292184090147545
1063 0.0558581239481748
1064 0.0777790939016276
1065 0.09807891070493946
1066 0.11680901204920012
1067 0.13473419381250187
1068 0.15305125280664617
1069 0.17293115624546765
1070 0.19508183289478845
1071 0.21948865008608992
1072 0.24539966983630607
1073 0.2715244196666903
1074 0.2963461032366922
1075 0.31842931885653375
1076 0.33663696320619907
1077 0.35022700824880965
1078 0.3588496486375076
1079 0.3624877872365476
1080 0.36138023296810884
1081 0.3559511913412845
1082 0.3467544357101821
1083 0.33443149982690595
1084 0.3196800910046725
1085 0.3032292626174994
1086 0.2858194024912705
1087 0.268186372740655
1088 0.25104961599376574
1089 0.23510374138721535
1090 0.22101231940752558
1091 0.20940169504085634
1092 0.2008518537576433
1093 0.19588095544979126
1094 0.19492030495993204
1095 0.1982775681959884
1096 0.2060883996161647
1097 0.2182607017094304
1098 0.23442137285445955
1099 0.25388132111025363
1100 0.2756378265133
1101 0.29843028288510576
1102 0.3208539363497628
1103 0.341519280642078
1104 0.35923000603402017
1105 0.37314723529812593
1106 0.3829122242991334
1107 0.38870551623426314
1108 0.3912203007782413
1109 0.39152679500215815
1110 0.39082187851864514
1111 0.3901081127800372
1112 0.3899114080712745
1113 0.3901762558996342
1114 0.3904276659982142
1115 0.3901702633081071
1116 0.3893685029607152
1117 0.38877468409135146
1118 0.389870410186846
1119 0.3942976208473689
1120 0.4029145864432152
1121 0.41492650825035626
1122 0.4276224816757737
1123 0.43689753666389075
1124 0.43821628680566277
1125 0.4275406704699443
1126 0.40211941398718565
1127 0.36137875463404595
1128 0.3078733836524942
1129 0.2474514712577116
1130 0.18763307830200554
1131 0.13470459655600792
1132 0.09156473544502627
1133 0.05760882020499117
1134 0.03011531374866622
1135 0.0059553668953091065
1136 -0.01715547471971769
1137 -0.04015029866443883
1138 -0.0628053765765933
1139 -0.08437405032854957
1140 -0.10429316605156772
1141 -0.12264307806941854
1142 -0.14021513712920722
1143 -0.1582346430016197
1144 -0.17790832577336804
1145 -0.19998953167732272
1146 -0.2245084315492056
1147 -0.2507356957131064
1148 -0.2773636343324299
1149 -0.3028195587286275
1150 -0.3255937118939818
1151 -0.3444821417785348
1152 -0.3587007015201691
1153 -0.3678848070499714
1154 -0.3720211446278646
1155 -0.3713578518575393
1156 -0.3663230094771463
1157 -0.3574631523116227
1158 -0.34540163371155586
1159 -0.3308116593280156
1160 -0.31439826509195073
1161 -0.29688496199642533
1162 -0.2790025788634283
1163 -0.2614792024679879
1164 -0.24503077793439118
1165 -0.23035191835563779
1166 -0.2181059456227186
1167 -0.20891236522756337
1168 -0.20332912290099903
1169 -0.2018264308761222
1170 -0.20474917146663996
1171 -0.2122665828199169
1172 -0.22431189640377622
1173 -0.24052118826819344
1174 -0.26018882739177024
1175 -0.28226295895368375
1176 -0.3054027962514167
1177 -0.3281059120023212
1178 -0.3488908887641081
1179 -0.3664997724685058
1180 -0.38007800828208554
1181 -0.389298449090456
1182 -0.39440884123576414
1183 -0.39618659206023193
1184 -0.39578410313525136
1185 -0.39446303427926915
1186 -0.39326311998843805
1187 -0.39271541343748173
1188 -0.3927412573318118
1189 -0.3928302766312425
1190 -0.39246770358124927
1191 -0.3916431552242703
1192 -0.3911871764663274
1193 -0.3926875903502423
1194 -0.397865277316292
1195 -0.4075577415384331
1196 -0.4207780540750302
1197 -0.4344280484913371
1198 -0.4439177048192902
1199 -0.44435212963688187
1200 -0.4316891996138489
1201 -0.4036313060720895
1202 -0.36043167492995143
1203 -0.3055406200637707
1204 -0.2453041740709119
1205 -0.18704549582994628
1206 -0.13635317867427427
1207 -0.09540645823103237
1208 -0.06316786016415885
1209 -0.03678427712492171
1210 -0.013180416385166895
1211 0.009793777136485595
1212 0.03292184090147545
1213 0.05585812394817487
1214 0.07777909390162749
1215 0.09807891070493935
1216 0.11680901204920019
1217 0.13473419381250187
1218 0.1530512528066459
1219 0.1729311562454674
1220 0.19508183289478845
1221 0.2194886500860898
1222 0.24539966983630565
1223 0.27152441966669
1224 0.29634610323669225
1225 0.3184293188565336
1226 0.33663696320619924
1227 0.35022700824880937
1228 0.35884964863750773
1229 0.36248778723654546
1230 0.36138023296810906
1231 0.35595119134128306
1232 0.34675443571018194
1233 0.3344314998269051
1234 0.31968009100467226
1235 0.3032292626174987
1236 0.28581940249127
1237 0.2681863727406546
1238 0.2510496159937656
1239 0.23510374138721477
1240 0.22101231940752553
1241 0.20940169504085596
1242 0.20085185375764306
1243 0.19588095544979103
1244 0.1949203049599317
1245 0.19827756819598769
1246 0.2060883996161643
1247 0.21826070170943018
1248 0.23442137285445896
1249 0.2538813211102532
1250 0.27563782651329966
1251 0.2984302828851057
1252 0.32085393634976234
1253 0.34151928064207754
1254 0.35923000603401967
1255 0.37314723529812555
1256 0.38291222429913335
1257 0.38870551623426297
1258 0.3912203007782411
1259 0.3915267950021581
1260 0.3908218785186449
1261 0.39010811278003704
1262 0.3899114080712744
1263 0.3901762558996342
1264 0.390427665998214
1265 0.3901702633081071
1266 0.3893685029607149
1267 0.38877468409135146
1268 0.38987041018684565
1269 0.3942976208473686
1270 0.4029145864432152
1271 0.41492650825035604
1272 0.4276224816757737
1273 0.43689753666389075
1274 0.43821628680566277
1275 0.4275406704699443
1276 0.40211941398718565
1277 0.3613787546340462
1278 0.3078733836524946
1279 0.24745147125771197
1280 0.1876330783020057
1281 0.13470459655600808
1282 0.09156473544502668
1283 0.05760882020499117
1284 0.03011531374866634
1285 0.005955366895309219
1286 -0.01715547471971769
1287 -0.04015029866443863
1288 -0.06280537657659321
1289 -0.0843740503285494
1290 -0.10429316605156772
1291 -0.12264307806941831
1292 -0.14021513712920688
1293 -0.1582346430016197
1294 -0.17790832577336713
1295 -0.19998953167732317
1296 -0.22450843154920516
1297 -0.25073569571310633
1298 -0.2773636343324298
1299 -0.3028195587286273
1300 -0.3255937118939818
1301 -0.34448214177853453
1302 -0.3587007015201689
1303 -0.3678848070499711
1304 -0.3720211446278646
1305 -0.37135785185753895
1306 -0.36632300947714846
1307 -0.3574631523116222
1308 -0.3454016337115552
1309 -0.33081165932801604
1310 -0.3143982650919507
1311 -0.29688496199642683
1312 -0.27900257886342783
1313 -0.26147920246798817
1314 -0.24503077793439118
1315 -0.23035191835563779
1316 -0.21810594562271887
1317 -0.20891236522756254
1318 -0.20332912290099944
1319 -0.20182643087612362
1320 -0.2047491714666396
1321 -0.2122665828199177
1322 -0.224311896403774
1323 -0.24052118826819407
1324 -0.2601888273917719
1325 -0.2822629589536811
1326 -0.30540279625141764
1327 -0.32810591200232003
1328 -0.3488908887641076
1329 -0.36649977246850524
1330 -0.3800780082820841
1331 -0.38929844909045563
1332 -0.39440884123576375
1333 -0.39618659206023304
1334 -0.39578410313525053
1335 -0.3944630342792692
1336 -0.3932631199884386
1337 -0.39271541343748173
1338 -0.3927412573318125
1339 -0.3928302766312425
1340 -0.3924677035812497
1341 -0.39164315522427023
1342 -0.3911871764663274
1343 -0.39268759035024225
1344 -0.3978652773162904
1345 -0.40755774153843344
1346 -0.4207780540750314
1347 -0.43442804849133654
1348 -0.44391770481929127
1349 -0.44435212963688175
1350 -0.43168919961385455
1351 -0.4036313060720884
1352 -0.3604316749299469
1353 -0.3055406200637737
1354 -0.24530417407090968
1355 -0.18704549582995078
1356 -0.1363531786742726
1357 -0.09540645823103609
1358 -0.06316786016415797
1359 -0.036784277124923985
1360 -0.01318041638516873
1361 0.009793777136485483
1362 0.032921840901473966
1363 0.05585812394817425
1364 0.07777909390162625
1365 0.09807891070493867
1366 0.11680901204919956
1367 0.13473419381250124
1368 0.15305125280664594
1369 0.17293115624546704
1370 0.1950818328947882
1371 0.21948865008609098
1372 0.24539966983630332
1373 0.2715244196666907
1374 0.2963461032366918
1375 0.31842931885653364
1376 0.33663696320619907
1377 0.35022700824881053
1378 0.3588496486375071
1379 0.3624877872365462
1380 0.3613802329681091
1381 0.3559511913412839
1382 0.3467544357101799
1383 0.3344314998269083
1384 0.31968009100467054
1385 0.3032292626174987
1386 0.28581940249127
1387 0.2681863727406545
1388 0.25104961599376574
1389 0.23510374138721477
1390 0.2210123194075257
1391 0.20940169504085596
1392 0.20085185375764306
1393 0.19588095544979237
1394 0.1949203049599296
1395 0.19827756819598885
1396 0.20608839961616585
1397 0.21826070170942974
1398 0.23442137285445988
1399 0.25388132111025075
1400 0.2756378265133005
1401 0.2984302828851047
1402 0.32085393634976117
1403 0.3415192806420772
1404 0.35923000603401894
1405 0.373147235298126
1406 0.38291222429913246
1407 0.3887055162342615
1408 0.3912203007782411
1409 0.3915267950021571
1410 0.3908218785186456
1411 0.39010811278003654
1412 0.3899114080712747
1413 0.3901762558996337
1414 0.3904276659982141
1415 0.3901702633081066
1416 0.38936850296071507
1417 0.388774684091351
1418 0.38987041018684643
1419 0.3942976208473686
1420 0.402914586443215
1421 0.4149265082503578
1422 0.4276224816757735
1423 0.4368975366638919
1424 0.4382162868056653
1425 0.42754067046994476
1426 0.40211941398718154
1427 0.3613787546340556
1428 0.3078733836524909
1429 0.24745147125771189
1430 0.18763307830200623
1431 0.1347045965560083
1432 0.09156473544502847
1433 0.057608820204990925
1434 0.030115313748667164
1435 0.005955366895307702
1436 -0.017155474719716617
1437 -0.04015029866443904
1438 -0.06280537657659271
1439 -0.08437405032854949
1440 -0.10429316605156735
1441 -0.12264307806941864
1442 -0.1402151371292068
1443 -0.15823464300162016
1444 -0.17790832577336682
1445 -0.19998953167732317
1446 -0.2245084315492031
1447 -0.25073569571310667
1448 -0.2773636343324297
1449 -0.30281955872862626
1450 -0.3255937118939821
1451 -0.3444821417785333
1452 -0.3587007015201688
1453 -0.3678848070499706
1454 -0.37202114462786245
1455 -0.3713578518575392
1456 -0.36632300947714747
1457 -0.3574631523116239
1458 -0.34540163371155624
1459 -0.33081165932801476
1460 -0.3143982650919529
1461 -0.296884961996425
1462 -0.27900257886342855
1463 -0.26147920246798817
1464 -0.24503077793439118
1465 -0.23035191835563815
1466 -0.21810594562271882
1467 -0.2089123652275639
1468 -0.2033291229009978
1469 -0.2018264308761224
1470 -0.204749171466641
1471 -0.2122665828199143
1472 -0.22431189640377733
1473 -0.2405211882681944
1474 -0.26018882739177024
1475 -0.28226295895368414
1476 -0.30540279625141825
1477 -0.3281059120023212
1478 -0.34889088876410906
1479 -0.36649977246850596
1480 -0.3800780082820861
1481 -0.38929844909045513
1482 -0.3944088412357664
1483 -0.39618659206023127
1484 -0.3957841031352512
1485 -0.3944630342792697
1486 -0.3932631199884383
1487 -0.3927154134374825
1488 -0.3927412573318121
1489 -0.39283027663124304
1490 -0.3924677035812497
1491 -0.3916431552242704
1492 -0.39118717646632767
1493 -0.3926875903502419
1494 -0.3978652773162921
1495 -0.40755774153843477
1496 -0.42077805407502955
1497 -0.4344280484913377
1498 -0.4439177048192904
1499 -0.44435212963688275
1500 -0.43168919961384933
1501 -0.4036313060720976
1502 -0.36043167492995076
1503 -0.3055406200637683
1504 -0.24530417407092128
1505 -0.18704549582994404
1506 -0.1363531786742788
1507 -0.09540645823103254
1508 -0.06316786016416157
1509 -0.03678427712492275
1510 -0.01318041638516873
1511 0.009793777136484577
1512 0.03292184090147414
1513 0.055858123948173445
1514 0.07777909390162631
1515 0.09807891070493807
1516 0.11680901204919929
1517 0.13473419381250096
1518 0.15305125280664514
1519 0.17293115624546648
1520 0.19508183289478756
1521 0.21948865008608892
1522 0.2453996698363048
1523 0.271524419666688
1524 0.2963461032366917
1525 0.3184293188565322
1526 0.33663696320619907
1527 0.3502270082488086
1528 0.3588496486375058
1529 0.3624877872365472
1530 0.3613802329681076
1531 0.35595119134128167
1532 0.34675443571018394
1533 0.3344314998269041
1534 0.3196800910046769
1535 0.30322926261749766
1536 0.2858194024912727
1537 0.2681863727406556
1538 0.25104961599376596
1539 0.2351037413872163
1540 0.22101231940752625
1541 0.2094016950408571
1542 0.2008518537576448
1543 0.19588095544978998
1544 0.1949203049599329
1545 0.19827756819598305
1546 0.20608839961616585
1547 0.21826070170942777
1548 0.2344213728544565
1549 0.2538813211102549
1550 0.27563782651329977
1551 0.29843028288510537
1552 0.32085393634976117
1553 0.3415192806420782
1554 0.3592300060340191
1555 0.373147235298126
1556 0.3829122242991327
1557 0.3887055162342631
1558 0.3912203007782413
1559 0.39152679500215926
1560 0.3908218785186441
1561 0.39010811278003765
1562 0.3899114080712743
1563 0.3901762558996342
1564 0.3904276659982142
1565 0.3901702633081071
1566 0.3893685029607152
1567 0.3887746840913517
1568 0.38987041018684554
1569 0.39429762084737163
1570 0.4029145864432125
1571 0.41492650825035904
1572 0.42762248167577394
1573 0.43689753666389214
1574 0.4382162868056654
1575 0.42754067046994115
1576 0.4021194139871949
1577 0.36137875463404406
1578 0.3078733836525006
1579 0.24745147125771247
1580 0.18763307830200351
1581 0.1347045965560115
1582 0.09156473544502766
1583 0.057608820204994894
1584 0.030115313748666456
1585 0.005955366895310005
1586 -0.017155474719715864
1587 -0.040150298664437915
1588 -0.06280537657659155
1589 -0.08437405032854838
1590 -0.10429316605156647
1591 -0.12264307806941735
1592 -0.14021513712920614
1593 -0.15823464300161946
1594 -0.17790832577336704
1595 -0.19998953167732209
1596 -0.22450843154920302
1597 -0.2507356957131077
1598 -0.2773636343324263
1599 -0.302819558728628
1600 -0.32559371189397973
1601 -0.34448214177853453
1602 -0.35870070152016514
1603 -0.36788480704997284
1604 -0.37202114462786035
1605 -0.37135785185754
1606 -0.3663230094771462
1607 -0.3574631523116242
1608 -0.34540163371155347
1609 -0.3308116593280189
1610 -0.3143982650919493
1611 -0.29688496199642683
1612 -0.2790025788634275
1613 -0.26147920246798767
1614 -0.24503077793439149
1615 -0.23035191835563762
1616 -0.21810594562271887
1617 -0.20891236522756254
1618 -0.2033291229009982
1619 -0.20182643087612345
1620 -0.20474917146663632
1621 -0.21226658281991767
1622 -0.22431189640377436
1623 -0.2405211882681929
1624 -0.2601888273917741
1625 -0.2822629589536796
1626 -0.3054027962514203
1627 -0.32810591200231937
1628 -0.34889088876410906
1629 -0.36649977246850535
1630 -0.3800780082820851
1631 -0.38929844909045735
1632 -0.3944088412357641
1633 -0.39618659206023266
1634 -0.3957841031352514
1635 -0.39446303427926815
1636 -0.3932631199884391
1637 -0.39271541343748156
1638 -0.3927412573318127
1639 -0.39283027663124254
1640 -0.39246770358124977
1641 -0.3916431552242704
1642 -0.3911871764663274
1643 -0.39268759035024225
1644 -0.3978652773162917
1645 -0.4075577415384327
1646 -0.42077805407503455
1647 -0.43442804849133454
1648 -0.4439177048192926
1649 -0.4443521296368814
1650 -0.4316891996138558
1651 -0.40363130607209596
1652 -0.3604316749299465
1653 -0.3055406200637864
1654 -0.24530417407090901
1655 -0.18704549582995547
1656 -0.13635317867427516
1657 -0.09540645823104126
1658 -0.06316786016415776
1659 -0.036784277124928204
1660 -0.013180416385168082
1661 0.009793777136482142
1662 0.03292184090147313
1663 0.05585812394817183
1664 0.07777909390162523
1665 0.09807891070493713
1666 0.11680901204919811
1667 0.1347341938125001
1668 0.15305125280664506
1669 0.17293115624546443
1670 0.19508183289478717
1671 0.21948865008608762
1672 0.24539966983630263
1673 0.2715244196666874
1674 0.2963461032366911
1675 0.3184293188565314
1676 0.33663696320619807
1677 0.3502270082488055
1678 0.3588496486375069
1679 0.362487787236541
1680 0.3613802329681107
1681 0.3559511913412803
1682 0.3467544357101821
1683 0.3344314998269057
1684 0.3196800910046731
1685 0.30322926261749683
1686 0.28581940249126975
1687 0.26818637274065416
1688 0.2510496159937638
1689 0.23510374138721443
1690 0.22101231940752453
1691 0.20940169504085498
1692 0.20085185375764242
1693 0.1958809554497901
1694 0.19492030495992918
1695 0.19827756819598497
1696 0.20608839961616526
1697 0.21826070170943002
1698 0.2344213728544582
1699 0.2538813211102578
1700 0.2756378265132981
1701 0.29843028288510953
1702 0.32085393634975934
1703 0.3415192806420799
1704 0.35923000603401894
1705 0.3731472352981275
1706 0.3829122242991342
1707 0.38870551623426236
1708 0.391220300778241
1709 0.39152679500215837
1710 0.3908218785186432
1711 0.39010811278003765
1712 0.38991140807127367
1713 0.3901762558996338
1714 0.39042766599821366
1715 0.3901702633081068
1716 0.3893685029607149
1717 0.388774684091351
1718 0.38987041018684593
1719 0.3942976208473693
1720 0.4029145864432144
1721 0.41492650825036004
1722 0.42762248167577305
1723 0.4368975366638931
1724 0.4382162868056678
1725 0.4275406704699454
1726 0.40211941398719
1727 0.361378754634056
1728 0.3078733836525044
1729 0.24745147125771283
1730 0.18763307830201195
1731 0.134704596556012
1732 0.09156473544503448
1733 0.05760882020499433
1734 0.030115313748674
1735 0.005955366895308488
1736 -0.017155474719711468
1737 -0.04015029866443699
1738 -0.06280537657658881
1739 -0.08437405032854707
1740 -0.10429316605156425
1741 -0.12264307806941581
1742 -0.14021513712920433
1743 -0.15823464300161844
1744 -0.17790832577336432
1745 -0.19998953167732253
1746 -0.22450843154919917
1747 -0.25073569571310605
1748 -0.27736363433242556
1749 -0.30281955872862515
1750 -0.3255937118939788
1751 -0.3444821417785319
1752 -0.35870070152016553
1753 -0.36788480704996945
1754 -0.37202114462785824
1755 -0.3713578518575405
1756 -0.3663230094771419
1757 -0.35746315231162673
1758 -0.34540163371155225
1759 -0.33081165932801726
1760 -0.3143982650919507
1761 -0.29688496199642694
1762 -0.2790025788634268
1763 -0.2614792024679886
1764 -0.24503077793439096
1765 -0.2303519183556384
1766 -0.2181059456227178
1767 -0.2089123652275639
1768 -0.20332912290099592
1769 -0.2018264308761226
1770 -0.20474917146663763
1771 -0.2122665828199144
1772 -0.22431189640377766
1773 -0.24052118826819296
1774 -0.26018882739177235
1775 -0.28226295895368303
1776 -0.3054027962514211
1777 -0.3281059120023192
1778 -0.3488908887641106
1779 -0.3664997724685057
1780 -0.3800780082820864
1781 -0.389298449090456
1782 -0.3944088412357669
1783 -0.3961865920602306
1784 -0.39578410313525186
1785 -0.39446303427926854
1786 -0.39326311998843844
1787 -0.39271541343748156
1788 -0.39274125733181225
1789 -0.39283027663124265
1790 -0.3924677035812497
1791 -0.3916431552242703
1792 -0.39118717646632767
1793 -0.39268759035024164
1794 -0.39786527731629306
1795 -0.4075577415384342
1796 -0.4207780540750324
1797 -0.4344280484913369
1798 -0.44391770481929144
1799 -0.4443521296368852
1800 -0.43168919961384955
1801 -0.40363130607210695
1802 -0.36043167492995
1803 -0.30554062006378235
1804 -0.24530417407092114
1805 -0.18704549582994984
1806 -0.1363531786742823
1807 -0.09540645823103855
1808 -0.06316786016416459
1809 -0.03678427712492965
1810 -0.013180416385169596
1811 0.009793777136478972
1812 0.03292184090147195
1813 0.05585812394816967
1814 0.0777790939016238
1815 0.09807891070493525
1816 0.11680901204919644
1817 0.13473419381249838
1818 0.15305125280664314
1819 0.1729311562454643
1820 0.195081832894787
1821 0.21948865008608476
1822 0.2453996698363042
1823 0.2715244196666838
1824 0.29634610323669075
1825 0.3184293188565296
1826 0.33663696320619796
1827 0.35022700824880526
1828 0.3588496486375047
1829 0.3624877872365431
1830 0.3613802329681068
1831 0.355951191341279
1832 0.34675443571018294
1833 0.33443149982690196
1834 0.31968009100467565
1835 0.3032292626174959
1836 0.28581940249127147
1837 0.26818637274065427
1838 0.2510496159937649
1839 0.23510374138721493
1840 0.22101231940752494
1841 0.20940169504085587
1842 0.20085185375764375
1843 0.19588095544978912
1844 0.19492030495993204
1845 0.19827756819598225
1846 0.20608839961616487
1847 0.2182607017094268
1848 0.23442137285445533
1849 0.25388132111025397
1850 0.27563782651329893
1851 0.29843028288510465
1852 0.32085393634976034
1853 0.34151928064207754
1854 0.3592300060340187
1855 0.37314723529812527
1856 0.38291222429913496
1857 0.3887055162342621
1858 0.3912203007782424
1859 0.39152679500215903
1860 0.39082187851864447
1861 0.39010811278003776
1862 0.3899114080712745
1863 0.3901762558996342
1864 0.39042766599821427
1865 0.3901702633081072
1866 0.3893685029607153
1867 0.38877468409135146
1868 0.38987041018684576
1869 0.3942976208473688
1870 0.4029145864432128
1871 0.4149265082503577
1872 0.4276224816757735
1873 0.4368975366638915
1874 0.4382162868056651
1875 0.427540670469941
1876 0.4021194139871948
1877 0.3613787546340443
1878 0.3078733836525007
1879 0.24745147125771283
1880 0.18763307830200399
1881 0.13470459655601136
1882 0.09156473544502786
1883 0.057608820204994894
1884 0.030115313748666637
1885 0.005955366895309893
1886 -0.017155474719715864
1887 -0.040150298664437915
1888 -0.06280537657659165
1889 -0.08437405032854856
1890 -0.10429316605156655
1891 -0.12264307806941735
1892 -0.14021513712920605
1893 -0.15823464300161913
1894 -0.17790832577336693
1895 -0.19998953167732175
1896 -0.22450843154920302
1897 -0.25073569571310755
1898 -0.27736363433242617
1899 -0.3028195587286275
1900 -0.32559371189397984
1901 -0.3444821417785343
1902 -0.35870070152016514
1903 -0.36788480704997284
1904 -0.37202114462786035
1905 -0.3713578518575403
1906 -0.36632300947714647
1907 -0.3574631523116246
1908 -0.3454016337115539
1909 -0.3308116593280193
1910 -0.3143982650919497
1911 -0.2968849619964275
1912 -0.2790025788634283
1913 -0.2614792024679881
1914 -0.24503077793439174
1915 -0.23035191835563815
1916 -0.2181059456227191
1917 -0.208912365227563
1918 -0.20332912290099805
1919 -0.20182643087612373
1920 -0.20474917146663632
1921 -0.21226658281991795
1922 -0.22431189640377436
1923 -0.24052118826819296
1924 -0.26018882739177385
1925 -0.2822629589536796
1926 -0.3054027962514201
1927 -0.3281059120023191
1928 -0.34889088876410873
1929 -0.3664997724685051
1930 -0.38007800828208466
1931 -0.38929844909045735
1932 -0.3944088412357638
1933 -0.39618659206023304
1934 -0.3957841031352514
1935 -0.3944630342792684
1936 -0.39326311998843877
1937 -0.3927154134374814
1938 -0.3927412573318127
1939 -0.39283027663124254
1940 -0.3924677035812497
1941 -0.3916431552242704
1942 -0.3911871764663275
1943 -0.3926875903502424
1944 -0.3978652773162916
1945 -0.4075577415384329
1946 -0.420778054075034
1947 -0.4344280484913345
1948 -0.4439177048192926
1949 -0.4443521296368814
1950 -0.4316891996138558
1951 -0.40363130607209624
1952 -0.3604316749299466
1953 -0.3055406200637871
1954 -0.24530417407090938
1955 -0.18704549582995617
1956 -0.1363531786742757
1957 -0.09540645823104171
1958 -0.06316786016415776
1959 -0.03678427712492862
1960 -0.013180416385168193
1961 0.00979377713648186
1962 0.03292184090147313
1963 0.05585812394817171
1964 0.07777909390162496
1965 0.09807891070493693
1966 0.1168090120491979
1967 0.13473419381249996
1968 0.15305125280664475
1969 0.17293115624546399
1970 0.19508183289478692
1971 0.21948865008608717
1972 0.2453996698363022
1973 0.27152441966668717
1974 0.29634610323669097
1975 0.31842931885653125
1976 0.33663696320619785
1977 0.3502270082488077
1978 0.3588496486375063
1979 0.36248778723654235
1980 0.36138023296811106
1981 0.3559511913412812
1982 0.3467544357101827
1983 0.3344314998269067
1984 0.31968009100467376
1985 0.3032292626174975
1986 0.2858194024912703
1987 0.2681863727406546
1988 0.2510496159937646
1989 0.23510374138721546
1990 0.2210123194075247
1991 0.20940169504085546
1992 0.20085185375764272
1993 0.1958809554497903
1994 0.19492030495992932
1995 0.1982775681959853
1996 0.2060883996161655
1997 0.21826070170943007
1998 0.2344213728544583
1999 0.2538813211102577
