0 0.0
1 0.0
2 0.050115276536136635
3 0.06697314595647359
4 0.09570705256978881
5 0.12903219961100099
6 0.16197648595835534
7 0.19005736870732784
8 0.21192422002684808
9 0.2276909455637567
10 0.238900692167622
11 0.24718303018819002
12 0.25394140316435687
13 0.2598943273943616
14 0.26525256403542463
15 0.2699144285914988
16 0.273812068177953
17 0.27707972900609606
18 0.2801061653672572
19 0.28341970202983535
20 0.2875187089729532
21 0.29269853802108015
22 0.2989558798349517
23 0.3059872000556539
24 0.3132739542315165
25 0.3202077594031118
26 0.32621086707605296
27 0.3308190521639474
28 0.3337193652042431
29 0.33475064666903126
30 0.3338823276797829
31 0.33118506087123534
32 0.3268023406194586
33 0.3209273563023726
34 0.3137862750045505
35 0.3056273856637715
36 0.2967149518816478
37 0.28732646924133926
38 0.2777521177113055
39 0.2682952566478446
40 0.2592728157548879
41 0.2510143407202809
42 0.2438583231702199
43 0.2381443491443321
44 0.23419968175950037
45 0.23231931732955252
46 0.23273950365616664
47 0.2356062901205315
48 0.24094280610416302
49 0.2486212115642386
50 0.25834681537470583
51 0.2696616877300573
52 0.2819724835564529
53 0.2946023908391165
54 0.30686160182326994
55 0.3181265355163006
56 0.3279164406439667
57 0.3359562967399623
58 0.34221504556443993
59 0.3469069970017474
60 0.3504442265023048
61 0.3533352088947811
62 0.3560451067896524
63 0.3588616402805269
64 0.36182916689231587
65 0.36480106530416
66 0.3676119543978999
67 0.3703063327759496
68 0.3733086359753752
69 0.3774064462012741
70 0.383467321522035
71 0.3919366304901354
72 0.4023284923986707
73 0.4129962118710893
74 0.4213375293629872
75 0.42432680724011823
76 0.41911494926174236
77 0.40353620014509095
78 0.37655892977871763
79 0.33874402899386397
80 0.29253508231767233
81 0.2419545559981326
82 0.19148421708267135
83 0.14459593512996338
84 0.102819439409088
85 0.06582802784081104
86 0.03227883553065299
87 7.910897437690974E-4
88 -0.029424269175413346
89 -0.05845311294801734
90 -0.08597560538643491
91 -0.11171315934216902
92 -0.13576597831279413
93 -0.1586977643681701
94 -0.18137089239898677
95 -0.2046382792387814
96 -0.22903180126188058
97 -0.25456377226546467
98 -0.28070031132967965
99 -0.30649622750720656
100 -0.330824661631666
101 -0.35261265186131924
102 -0.3710120447428815
103 -0.3854777587937742
104 -0.3957657029085397
105 -0.40188290668872556
106 -0.40402206536261387
107 -0.40250159364738225
108 -0.39772021969737537
109 -0.39012693649787167
110 -0.38020325254749787
111 -0.36845376285751047
112 -0.35540156715328014
113 -0.34158595860669705
114 -0.3275605662590603
115 -0.3138905715235162
116 -0.301147735056815
117 -0.28990185929286627
118 -0.2807071186755128
119 -0.2740815998856174
120 -0.27047864363685814
121 -0.2702494577072869
122 -0.27359828354486093
123 -0.2805343277995943
124 -0.29082848536077077
125 -0.3039865688826325
126 -0.31925237923988775
127 -0.33565122917611107
128 -0.35207645241909513
129 -0.36740995899724
130 -0.3806578713504167
131 -0.3910782621706187
132 -0.39828020822622595
133 -0.4022770540623332
134 -0.4034774842923471
135 -0.40259856567628055
136 -0.40049650761949196
137 -0.39794283777357337
138 -0.39541754701063075
139 -0.39301609557229406
140 -0.39054210355792346
141 -0.38777911145357247
142 -0.38483618279837556
143 -0.3823895803266405
144 -0.38163478651093646
145 -0.3838506922965837
146 -0.3896672874552862
147 -0.3983463041899643
148 -0.4074690013731601
149 -0.4132515382806644
150 -0.411365133160972
151 -0.3979238642161943
152 -0.3704083427094989
153 -0.32849531149534156
154 -0.27464999703795795
155 -0.2139581723949079
156 -0.15275236119579857
157 -0.09651368088351024
158 -0.04830566306199067
159 -0.008541518229944261
160 0.024168859580450838
161 0.05183988512701965
162 0.0761853929239581
163 0.09819372121537626
164 0.11817770101499352
165 0.13610748069359557
166 0.15198382458302032
167 0.16607095179575423
168 0.17892473491779107
169 0.1912538920354446
170 0.2037046180147955
171 0.21666568577110382
172 0.23016500731477565
173 0.2438832940599466
174 0.2572627596267027
175 0.26965817955788596
176 0.2804751164604428
177 0.2892606562099921
178 0.2957393845453787
179 0.2998069110616559
180 0.30150001515358
181 0.3009597963162161
182 0.29839792117362307
183 0.29407030974142834
184 0.28825891674105275
185 0.2812604980302391
186 0.27338070790337377
187 0.2649319066850351
188 0.25623325939902997
189 0.24761187021481468
190 0.23940374980805496
191 0.23195335486291654
192 0.22561032042760526
193 0.22072191939369507
194 0.21761986655063115
195 0.216600513870166
196 0.21789844195350894
197 0.2216550527076147
198 0.2278859248300749
199 0.23645297676193325
200 0.24704905638546396
201 0.2592023890520731
202 0.27230562400357283
203 0.28566928133669556
204 0.2985937535077632
205 0.3104497884464043
206 0.32075583152704085
207 0.3292410090425203
208 0.33588275802513573
209 0.34090698027182775
210 0.344738631265803
211 0.347898225087802
212 0.3508601427371959
213 0.3539173162906984
214 0.357115462140951
215 0.36030703643181544
216 0.3633258767735311
217 0.36621805622901493
218 0.3694128163164081
219 0.3737046160084981
220 0.37996693115699476
221 0.38864638490581566
222 0.3992511548860913
223 0.410121609516458
224 0.41863875828395375
225 0.42176129162709264
226 0.4166300219318567
227 0.4010777586071992
228 0.37408172207870255
229 0.33622175717625674
230 0.2899668528419809
231 0.23936347175896858
232 0.1889074943164665
233 0.14207192985397443
234 0.10037855991157274
235 0.06349014654936376
236 0.030055146450714436
237 -0.0013127944412509008
238 -0.031405964939392385
239 -0.06031234981208449
240 -0.08771391803576847
241 -0.11333371552358151
242 -0.13727314150705286
243 -0.16009641879597838
244 -0.1826658015821221
245 -0.20583372898638386
246 -0.23013162473183568
247 -0.2555717010558865
248 -0.28162048899261677
249 -0.30733367195893857
250 -0.33158549046429103
251 -0.3533039899705381
252 -0.37164166584527597
253 -0.38605359889025104
254 -0.39629539066060565
255 -0.402373405044397
256 -0.40447945551459114
257 -0.4029309875630996
258 -0.39812576809071365
259 -0.3905118979160855
260 -0.3805700962856872
261 -0.36880428686269573
262 -0.3557370188902456
263 -0.3419071514215652
264 -0.3278679865515682
265 -0.314184473707209
266 -0.301428222400477
267 -0.29016894964904044
268 -0.2809607950113476
269 -0.2743218465432348
270 -0.27070547040333237
271 -0.27046291501072206
272 -0.27379847318896405
273 -0.28072141415048407
274 -0.29100271116491666
275 -0.3041482773661842
276 -0.31940203987633364
277 -0.3357894597252738
278 -0.3522040268517445
279 -0.3675277920125096
280 -0.38076697587881114
281 -0.3911796844476387
282 -0.39837495225697267
283 -0.4023660110112156
284 -0.40356138190762086
285 -0.4026779487163516
286 -0.4005717528034978
287 -0.3980141970805173
288 -0.39548520411097254
289 -0.3930802158252918
290 -0.39060286092431806
291 -0.3878366854232771
292 -0.38489073184650585
293 -0.38244121008946386
294 -0.38168353449758075
295 -0.3838965434591035
296 -0.38971022073874845
297 -0.3983863576403301
298 -0.4075063351578492
299 -0.4132864689597913
300 -0.41139811358861617
301 -0.39795539939785834
302 -0.37043885848863706
303 -0.3285250208693298
304 -0.2746788317035097
305 -0.2139858371049516
306 -0.15277849351750425
307 -0.09653801231951767
308 -0.04832808709104591
309 -0.008562063436081842
310 0.024150092351986896
311 0.05182277283678598
312 0.0761698136038363
313 0.09817955794686826
314 0.11816483888541787
315 0.1360958052555788
316 0.15197322453800177
317 0.1660613242285963
318 0.1789159898702121
319 0.19124595409489317
320 0.20369742443983294
321 0.21665918220202196
322 0.2301591428103045
323 0.243878017097169
324 0.2572580160622753
325 0.26965391270374967
326 0.28047126871928774
327 0.28925717138886153
328 0.29573621004723427
329 0.2998039994751081
330 0.3014973251033316
331 0.30095729266756055
332 0.2983955747801669
333 0.29406809692606223
334 0.2882568186572015
335 0.28125849999936026
336 0.2733787987825546
337 0.26493007828965065
338 0.25623150598806405
339 0.24761018803713328
340 0.23940213670350585
341 0.23195180991033923
342 0.22560884363127773
343 0.2207205113997131
344 0.2176185283849382
345 0.2165992466905209
346 0.21789724680899508
347 0.22165393030215397
348 0.22788487529174511
349 0.23645199942820347
350 0.2470481496247692
351 0.25920155015101176
352 0.2723048491512462
353 0.28566856572887084
354 0.29859309157385555
355 0.3104491741777916
356 0.3207552588647403
357 0.3292404722713259
358 0.3358822521192374
359 0.3409065011399147
360 0.34473817585148187
361 0.3478977913002674
362 0.3508597292245751
363 0.35391692211973796
364 0.3571150864896655
365 0.36030667840770453
366 0.36332553542462803
367 0.366217730730849
368 0.3694125062282883
369 0.37370432143738397
370 0.3799666526808254
371 0.3886461232030861
372 0.39925091016467906
373 0.4101213809585445
374 0.418638543744928
375 0.4217610877199953
376 0.41662982447123625
377 0.40107756329736266
378 0.3740815253308196
379 0.3362215569093606
380 0.2899666489917203
381 0.23936326616141385
382 0.18890728992092276
383 0.14207172969422294
384 0.10037836638812195
385 0.06348996122733055
386 0.030054970208760395
387 -0.0013129611651655913
388 -0.031406121961990635
389 -0.06031249711674533
390 -0.08771405574829533
391 -0.11333384389851349
392 -0.1372732608929197
393 -0.1600965295818138
394 -0.18266590414675785
395 -0.20583382367035316
396 -0.23013171183955033
397 -0.2555717808835893
398 -0.2816205618691256
399 -0.30733373828227667
400 -0.3315855507194979
401 -0.35330404472232163
402 -0.37164171570960475
403 -0.3860536444958322
404 -0.3962954326117126
405 -0.4023734438925159
406 -0.40447949174133435
407 -0.4029310215732944
408 -0.39812580021304467
409 -0.3905119284085704
410 -0.3805701253438309
411 -0.368804314628827
412 -0.3557370454630914
413 -0.34190717686546535
414 -0.32786801090496587
415 -0.3141844969901723
416 -0.3014282446211038
417 -0.2901689708086655
418 -0.28096081510854765
419 -0.27432186557670263
420 -0.2707054883737837
421 -0.27046293192210086
422 -0.27379848904929344
423 -0.2807214289727532
424 -0.2910027249683328
425 -0.3041482901779224
426 -0.31940205173357916
427 -0.3357894706769639
428 -0.352204036959197
429 -0.3675278013481948
430 -0.38076698452298086
431 -0.39117969248318485
432 -0.3983749597634407
433 -0.4023660180592095
434 -0.40356138855479706
435 -0.4026779550058683
436 -0.40057175876519835
437 -0.3980142027343623
438 -0.39548520947151
439 -0.3930802209056196
440 -0.39060286573821673
441 -0.38783668998496457
442 -0.3848907361685368
443 -0.38244121418020505
444 -0.38168353836000163
445 -0.3838965470920095
446 -0.38971022414046896
447 -0.39838636081387724
448 -0.40750633811591364
449 -0.4132864717274546
450 -0.41139811620175926
451 -0.39795540189649564
452 -0.3704388609065107
453 -0.3285250232233169
454 -0.274678833988199
455 -0.21398583929694837
456 -0.15277849558808979
457 -0.09653801424741558
458 -0.04832808886781379
459 -0.0085620650639833
460 0.024150090864962864
461 0.05182277148089046
462 0.07616981236940543
463 0.09817955682463819
464 0.11816483786628398
465 0.13609580433047247
466 0.1519732236981045
467 0.16606132346575378
468 0.17891598917729637
469 0.1912459534659288
470 0.20369742386984865
471 0.21665918168671042
472 0.2301591423456295
473 0.24387801667904813
474 0.2572580156864184
475 0.2696539123656651
476 0.28047126841441156
477 0.2892571711127415
478 0.2957362097957027
479 0.29980399924440837
480 0.3014973248901854
481 0.300957292469184
482 0.2983955745942507
483 0.2940680967507299
484 0.2882568184909601
485 0.2812584998410466
486 0.2733787986312857
487 0.2649300781447779
488 0.2562315058491325
489 0.24761018790384612
490 0.23940213657569182
491 0.23195180978792534
492 0.2256088435142642
493 0.22072051128815115
494 0.2176185282789089
495 0.21659924659011598
496 0.21789724671429805
497 0.2216539302132205
498 0.2278848752085849
499 0.23645199935076466
500 0.24704814955292226
501 0.2592015500845417
502 0.27230484908985075
503 0.28566856567217
504 0.2985930915214073
505 0.31044917412912026
506 0.32075525881936556
507 0.32924047222879493
508 0.33588225207915207
509 0.34090650110195103
510 0.3447381758153972
511 0.34789779126589643
512 0.35085972919181063
513 0.3539169220885059
514 0.3571150864599011
515 0.36030667837933644
516 0.363325535397581
517 0.36621773070505803
518 0.36941250620371846
519 0.3737043214140436
520 0.3799666526587605
521 0.38864612318235014
522 0.3992509101452886
523 0.41012138094043454
524 0.41863854372792914
525 0.42176108770383886
526 0.41662982445559005
527 0.4010775632818872
528 0.37408152531522987
529 0.3362215568934928
530 0.2899666489755688
531 0.2393632661451235
532 0.18890728990472797
533 0.14207172967836373
534 0.1003783663727884
535 0.06348996121264695
536 0.030054970194796193
537 -0.0013129611783757947
538 -0.03140612197443213
539 -0.06031249712841677
540 -0.08771405575920657
541 -0.11333384390868492
542 -0.1372732609023791
543 -0.16009652959059154
544 -0.18266590415488443
545 -0.20583382367785538
546 -0.23013171184645198
547 -0.25557178088991417
548 -0.2816205618749001
549 -0.30733373828753174
550 -0.33158555072427215
551 -0.35330404472665977
552 -0.37164171571355564
553 -0.38605364449944574
554 -0.39629543261503636
555 -0.40237344389559415
556 -0.40447949174420483
557 -0.40293102157598937
558 -0.39812580021559
559 -0.3905119284109867
560 -0.38057012534613327
561 -0.36880431463102686
562 -0.35573704546519674
563 -0.34190717686748123
564 -0.3278680109068956
565 -0.3141844969920171
566 -0.3014282446228644
567 -0.290168970810342
568 -0.28096081511014015
569 -0.27432186557821076
570 -0.27070548837520747
571 -0.27046293192344073
572 -0.2737984890505502
573 -0.28072142897392727
574 -0.2910027249694264
575 -0.30414829017893763
576 -0.31940205173451863
577 -0.33578947067783177
578 -0.35220403695999813
579 -0.36752780134893465
580 -0.3807669845236659
581 -0.39117969248382145
582 -0.3983749597640353
583 -0.4023660180597678
584 -0.4035613885553237
585 -0.4026779550063667
586 -0.4005717587656709
587 -0.3980142027348104
588 -0.3954852094719348
589 -0.3930802209060222
590 -0.3906028657385982
591 -0.3878366899853262
592 -0.38489073616887937
593 -0.38244121418052923
594 -0.38168353836030766
595 -0.38389654709229737
596 -0.38971022414073847
597 -0.39838636081412865
598 -0.40750633811614784
599 -0.41328647172767385
600 -0.4113981162019665
601 -0.39795540189669376
602 -0.37043886090670247
603 -0.3285250232235037
604 -0.2746788339883804
605 -0.2139858392971224
606 -0.15277849558825418
607 -0.09653801424756875
608 -0.04832808886795487
609 -0.008562065064112619
610 0.024150090864844785
611 0.051822771480782744
612 0.0761698123693075
613 0.09817955682454929
614 0.11816483786620277
615 0.13609580433039903
616 0.15197322369803806
617 0.1660613234656934
618 0.17891598917724127
619 0.19124595346587875
620 0.20369742386980338
621 0.21665918168666956
622 0.23015914234559265
623 0.24387801667901515
624 0.2572580156863885
625 0.2696539123656381
626 0.2804712684143874
627 0.2892571711127196
628 0.2957362097956827
629 0.29980399924439016
630 0.30149732489016856
631 0.30095729246916864
632 0.2983955745942358
633 0.29406809675071593
634 0.28825681849094703
635 0.28125849984103424
636 0.27337879863127384
637 0.2649300781447665
638 0.25623150584912213
639 0.24761018790383557
640 0.23940213657568166
641 0.23195180978791552
642 0.22560884351425503
643 0.22072051128814196
644 0.21761852827890052
645 0.21659924659010785
646 0.2178972467142903
647 0.2216539302132131
648 0.2278848752085778
649 0.2364519993507583
650 0.24704814955291632
651 0.25920155008453616
652 0.27230484908984554
653 0.28566856567216514
654 0.2985930915214031
655 0.31044917412911616
656 0.3207552588193616
657 0.329240472228791
658 0.3358822520791489
659 0.34090650110194815
660 0.34473817581539457
661 0.3478977912658932
662 0.35085972919180797
663 0.35391692208850317
664 0.3571150864598984
665 0.36030667837933467
666 0.36332553539757906
667 0.366217730705056
668 0.36941250620371624
669 0.37370432141404164
670 0.37996665265875834
671 0.3886461231823484
672 0.3992509101452867
673 0.41012138094043316
674 0.4186385437279273
675 0.4217610877038375
676 0.41662982445558994
677 0.4010775632818861
678 0.3740815253152288
679 0.3362215568934918
680 0.28996664897556756
681 0.2393632661451227
682 0.18890728990472686
683 0.1420717296783631
684 0.10037836637278677
685 0.06348996121264583
686 0.03005497019479554
687 -0.0013129611783770129
688 -0.03140612197443296
689 -0.060312497128417554
690 -0.08771405575920749
691 -0.11333384390868617
692 -0.13727326090237968
693 -0.16009652959059234
694 -0.1826659041548846
695 -0.20583382367785572
696 -0.2301317118464523
697 -0.2555717808899143
698 -0.2816205618749004
699 -0.30733373828753163
700 -0.3315855507242722
701 -0.3533040447266596
702 -0.37164171571355603
703 -0.3860536444994457
704 -0.3962954326150366
705 -0.40237344389559415
706 -0.4044794917442053
707 -0.40293102157598976
708 -0.39812580021559035
709 -0.3905119284109874
710 -0.3805701253461339
711 -0.3688043146310274
712 -0.3557370454651971
713 -0.3419071768674818
714 -0.327868010906896
715 -0.31418449699201767
716 -0.3014282446228648
717 -0.2901689708103426
718 -0.2809608151101406
719 -0.2743218655782112
720 -0.2707054883752076
721 -0.27046293192344106
722 -0.2737984890505505
723 -0.2807214289739277
724 -0.2910027249694257
725 -0.30414829017893746
726 -0.3194020517345185
727 -0.3357894706778315
728 -0.352204036959998
729 -0.36752780134893454
730 -0.38076698452366603
731 -0.39117969248382145
732 -0.3983749597640353
733 -0.4023660180597678
734 -0.403561388555324
735 -0.40267795500636644
736 -0.400571758765671
737 -0.3980142027348105
738 -0.3954852094719347
739 -0.3930802209060223
740 -0.3906028657385982
741 -0.38783668998532644
742 -0.38489073616887914
743 -0.3824412141805294
744 -0.3816835383603079
745 -0.3838965470922978
746 -0.38971022414073797
747 -0.39838636081412854
748 -0.40750633811614784
749 -0.41328647172767385
750 -0.4113981162019665
751 -0.39795540189669387
752 -0.37043886090670297
753 -0.3285250232235049
754 -0.2746788339883812
755 -0.21398583929712303
756 -0.15277849558825524
757 -0.09653801424756882
758 -0.04832808886795568
759 -0.008562065064113274
760 0.024150090864844376
761 0.0518227714807825
762 0.07616981236930694
763 0.09817955682454849
764 0.11816483786620284
765 0.13609580433039875
766 0.15197322369803762
767 0.1660613234656933
768 0.17891598917724097
769 0.1912459534658784
770 0.20369742386980308
771 0.21665918168666942
772 0.2301591423455928
773 0.24387801667901526
774 0.2572580156863886
775 0.26965391236563824
776 0.2804712684143878
777 0.28925717111271965
778 0.2957362097956828
779 0.2998039992443904
780 0.30149732489016867
781 0.30095729246916864
782 0.2983955745942358
783 0.29406809675071593
784 0.28825681849094664
785 0.2812584998410341
786 0.2733787986312736
787 0.26493007814476655
788 0.256231505849122
789 0.24761018790383557
790 0.23940213657568174
791 0.23195180978791557
792 0.22560884351425528
793 0.22072051128814255
794 0.21761852827890085
795 0.21659924659010824
796 0.2178972467142909
797 0.22165393021321328
798 0.22788487520857822
799 0.23645199935075814
800 0.24704814955291612
801 0.259201550084536
802 0.27230484908984576
803 0.28566856567216514
804 0.2985930915214033
805 0.3104491741291162
806 0.3207552588193616
807 0.32924047222879127
808 0.33588225207914874
809 0.3409065011019479
810 0.34473817581539423
811 0.3478977912658937
812 0.3508597291918086
813 0.3539169220885036
814 0.35711508645989865
815 0.36030667837933467
816 0.36332553539757906
817 0.36621773070505603
818 0.36941250620371646
819 0.37370432141404175
820 0.37996665265875834
821 0.38864612318234804
822 0.3992509101452865
823 0.4101213809404332
824 0.4186385437279269
825 0.42176108770383625
826 0.41662982445558894
827 0.40107756328188526
828 0.3740815253152282
829 0.3362215568934909
830 0.28996664897556723
831 0.2393632661451227
832 0.18890728990472616
833 0.1420717296783626
834 0.10037836637278666
835 0.06348996121264627
836 0.0300549701947959
837 -0.0013129611783766805
838 -0.031406121974432655
839 -0.06031249712841727
840 -0.08771405575920684
841 -0.11333384390868562
842 -0.1372732609023791
843 -0.16009652959059242
844 -0.18266590415488557
845 -0.2058338236778566
846 -0.23013171184645292
847 -0.2555717808899148
848 -0.28162056187490087
849 -0.30733373828753235
850 -0.3315855507242727
851 -0.35330404472665994
852 -0.3716417157135564
853 -0.3860536444994465
854 -0.39629543261503775
855 -0.40237344389559515
856 -0.40447949174420517
857 -0.4029310215759892
858 -0.39812580021559
859 -0.39051192841098686
860 -0.38057012534613344
861 -0.36880431463102714
862 -0.35573704546519663
863 -0.3419071768674815
864 -0.32786801090689566
865 -0.31418449699201734
866 -0.3014282446228646
867 -0.2901689708103426
868 -0.2809608151101408
869 -0.2743218655782115
870 -0.2707054883752077
871 -0.27046293192344123
872 -0.2737984890505508
873 -0.280721428973928
874 -0.29100272496942586
875 -0.30414829017893696
876 -0.31940205173451736
877 -0.3357894706778305
878 -0.35220403695999747
879 -0.3675278013489341
880 -0.3807669845236656
881 -0.3911796924838212
882 -0.3983749597640349
883 -0.4023660180597675
884 -0.4035613885553241
885 -0.4026779550063666
886 -0.40057175876567086
887 -0.39801420273481025
888 -0.39548520947193444
889 -0.39308022090602235
890 -0.39060286573859826
891 -0.38783668998532655
892 -0.3848907361688792
893 -0.3824412141805294
894 -0.38168353836030805
895 -0.38389654709229765
896 -0.3897102241407376
897 -0.39838636081412754
898 -0.407506338116147
899 -0.4132864717276724
900 -0.4113981162019648
901 -0.39795540189669215
902 -0.3704388609067015
903 -0.3285250232235035
904 -0.27467883398837983
905 -0.21398583929712212
906 -0.1527784955882546
907 -0.09653801424756782
908 -0.048328088867953756
909 -0.008562065064111855
910 0.02415009086484531
911 0.05182277148078299
912 0.0761698123693075
913 0.09817955682454942
914 0.11816483786620305
915 0.13609580433039917
916 0.15197322369803784
917 0.1660613234656937
918 0.1789159891772412
919 0.19124595346587875
920 0.20369742386980352
921 0.2166591816866695
922 0.2301591423455928
923 0.24387801667901515
924 0.2572580156863886
925 0.26965391236563824
926 0.2804712684143877
927 0.28925717111271987
928 0.2957362097956832
929 0.29980399924439094
930 0.30149732489016906
931 0.30095729246916886
932 0.2983955745942362
933 0.2940680967507163
934 0.28825681849094714
935 0.28125849984103435
936 0.27337879863127407
937 0.2649300781447668
938 0.25623150584912224
939 0.247610187903836
940 0.2394021365756819
941 0.23195180978791602
942 0.22560884351425542
943 0.22072051128814243
944 0.21761852827890085
945 0.21659924659010824
946 0.2178972467142908
947 0.22165393021321353
948 0.22788487520857822
949 0.23645199935075814
950 0.24704814955291632
951 0.259201550084536
952 0.27230484908984576
953 0.28566856567216514
954 0.2985930915214034
955 0.3104491741291165
956 0.3207552588193616
957 0.32924047222879127
958 0.3358822520791489
959 0.3409065011019479
960 0.34473817581539423
961 0.3478977912658937
962 0.3508597291918087
963 0.3539169220885036
964 0.35711508645989865
965 0.36030667837933467
966 0.3633255353975793
967 0.36621773070505603
968 0.36941250620371646
969 0.3737043214140417
970 0.3799666526587582
971 0.38864612318234787
972 0.3992509101452864
973 0.41012138094043316
974 0.4186385437279269
975 0.4217610877038364
976 0.41662982445558894
977 0.4010775632818855
978 0.3740815253152282
979 0.3362215568934913
980 0.28996664897556756
981 0.23936326614512282
982 0.18890728990472672
983 0.14207172967836218
984 0.10037836637278591
985 0.0634899612126457
986 0.030054970194795368
987 -0.0013129611783771235
988 -0.031406121974433175
989 -0.06031249712841766
990 -0.0877140557592072
991 -0.11333384390868606
992 -0.1372732609023795
993 -0.16009652959059273
994 -0.1826659041548858
995 -0.2058338236778567
996 -0.23013171184645312
997 -0.25557178088991495
998 -0.281620561874901
999 -0.3073337382875326
1000 -0.3315855507242728
1001 -0.35330404472666016
1002 -0.37164171571355664
1003 -0.3860536444994464
1004 -0.3962954326150378
1005 -0.40237344389559526
1006 -0.4044794917442053
1007 -0.4029310215759893
1008 -0.39812580021559
1009 -0.3905119284109869
1010 -0.38057012534613355
1011 -0.36880431463102714
1012 -0.3557370454651968
1013 -0.34190717686748173
1014 -0.3278680109068958
1015 -0.3141844969920174
1016 -0.3014282446228648
1017 -0.2901689708103426
1018 -0.2809608151101408
1019 -0.2743218655782115
1020 -0.2707054883752077
1021 -0.27046293192344123
1022 -0.2737984890505507
1023 -0.28072142897392793
1024 -0.2910027249694256
1025 -0.3041482901789369
1026 -0.31940205173451713
1027 -0.3357894706778305
1028 -0.3522040369599974
1029 -0.3675278013489339
1030 -0.3807669845236655
1031 -0.39117969248382106
1032 -0.3983749597640349
1033 -0.4023660180597677
1034 -0.4035613885553241
1035 -0.4026779550063668
1036 -0.40057175876567136
1037 -0.3980142027348104
1038 -0.39548520947193455
1039 -0.39308022090602235
1040 -0.39060286573859837
1041 -0.38783668998532655
1042 -0.3848907361688793
1043 -0.38244121418052945
1044 -0.3816835383603082
1045 -0.3838965470922978
1046 -0.3897102241407376
1047 -0.39838636081412754
1048 -0.4075063381161467
1049 -0.4132864717276724
1050 -0.4113981162019647
1051 -0.39795540189669215
1052 -0.3704388609067016
1053 -0.3285250232235037
1054 -0.2746788339883802
1055 -0.21398583929712248
1056 -0.15277849558825482
1057 -0.09653801424756801
1058 -0.04832808886795407
1059 -0.008562065064111965
1060 0.024150090864845132
1061 0.05182277148078305
1062 0.0761698123693075
1063 0.09817955682454915
1064 0.11816483786620305
1065 0.13609580433039903
1066 0.15197322369803798
1067 0.1660613234656935
1068 0.17891598917724114
1069 0.19124595346587875
1070 0.2036974238698033
1071 0.21665918168666956
1072 0.2301591423455928
1073 0.24387801667901526
1074 0.2572580156863886
1075 0.2696539123656381
1076 0.2804712684143877
1077 0.28925717111271987
1078 0.29573620979568316
1079 0.29980399924439105
1080 0.30149732489016906
1081 0.300957292469169
1082 0.29839557459423627
1083 0.2940680967507163
1084 0.28825681849094714
1085 0.28125849984103457
1086 0.27337879863127407
1087 0.264930078144767
1088 0.2562315058491223
1089 0.247610187903836
1090 0.23940213657568218
1091 0.23195180978791602
1092 0.22560884351425536
1093 0.22072051128814243
1094 0.21761852827890074
1095 0.21659924659010824
1096 0.2178972467142908
1097 0.22165393021321328
1098 0.22788487520857822
1099 0.23645199935075814
1100 0.24704814955291612
1101 0.259201550084536
1102 0.27230484908984565
1103 0.28566856567216514
1104 0.2985930915214032
1105 0.31044917412911616
1106 0.3207552588193615
1107 0.32924047222879127
1108 0.3358822520791489
1109 0.3409065011019479
1110 0.3447381758153942
1111 0.3478977912658936
1112 0.3508597291918086
1113 0.3539169220885036
1114 0.3571150864598984
1115 0.36030667837933456
1116 0.3633255353975793
1117 0.366217730705056
1118 0.36941250620371646
1119 0.3737043214140417
1120 0.3799666526587582
1121 0.3886461231823478
1122 0.3992509101452863
1123 0.410121380940433
1124 0.41863854372792686
1125 0.42176108770383625
1126 0.41662982445558894
1127 0.4010775632818855
1128 0.37408152531522854
1129 0.3362215568934914
1130 0.2899666489755679
1131 0.23936326614512293
1132 0.18890728990472702
1133 0.1420717296783623
1134 0.10037836637278617
1135 0.06348996121264588
1136 0.030054970194795486
1137 -0.0013129611783771235
1138 -0.03140612197443296
1139 -0.060312497128417554
1140 -0.08771405575920703
1141 -0.11333384390868581
1142 -0.13727326090237935
1143 -0.16009652959059267
1144 -0.18266590415488518
1145 -0.20583382367785613
1146 -0.2301317118464526
1147 -0.25557178088991456
1148 -0.2816205618749005
1149 -0.307333738287532
1150 -0.3315855507242724
1151 -0.35330404472665966
1152 -0.37164171571355636
1153 -0.3860536444994462
1154 -0.3962954326150375
1155 -0.402373443895595
1156 -0.40447949174420506
1157 -0.4029310215759892
1158 -0.39812580021558985
1159 -0.3905119284109869
1160 -0.38057012534613355
1161 -0.3688043146310273
1162 -0.3557370454651968
1163 -0.34190717686748173
1164 -0.3278680109068958
1165 -0.3141844969920174
1166 -0.3014282446228647
1167 -0.2901689708103426
1168 -0.28096081511014087
1169 -0.2743218655782115
1170 -0.2707054883752077
1171 -0.27046293192344123
1172 -0.2737984890505505
1173 -0.2807214289739277
1174 -0.2910027249694255
1175 -0.30414829017893674
1176 -0.31940205173451713
1177 -0.33578947067783027
1178 -0.3522040369599972
1179 -0.36752780134893365
1180 -0.3807669845236653
1181 -0.39117969248382106
1182 -0.3983749597640347
1183 -0.4023660180597674
1184 -0.4035613885553239
1185 -0.4026779550063667
1186 -0.4005717587656711
1187 -0.3980142027348103
1188 -0.3954852094719344
1189 -0.3930802209060224
1190 -0.3906028657385982
1191 -0.38783668998532644
1192 -0.3848907361688792
1193 -0.3824412141805293
1194 -0.381683538360308
1195 -0.3838965470922976
1196 -0.3897102241407374
1197 -0.3983863608141274
1198 -0.40750633811614667
1199 -0.4132864717276723
1200 -0.4113981162019648
1201 -0.39795540189669243
1202 -0.37043886090670186
1203 -0.328525023223504
1204 -0.2746788339883804
1205 -0.21398583929712275
1206 -0.15277849558825507
1207 -0.09653801424756846
1208 -0.04832808886795437
1209 -0.008562065064112293
1210 0.0241500908648449
1211 0.05182277148078293
1212 0.07616981236930731
1213 0.09817955682454908
1214 0.11816483786620284
1215 0.13609580433039925
1216 0.15197322369803778
1217 0.16606132346569355
1218 0.17891598917724114
1219 0.19124595346587853
1220 0.20369742386980322
1221 0.21665918168666923
1222 0.2301591423455927
1223 0.2438780166790151
1224 0.25725801568638845
1225 0.2696539123656381
1226 0.2804712684143875
1227 0.28925717111271965
1228 0.29573620979568294
1229 0.29980399924439044
1230 0.30149732489016884
1231 0.30095729246916864
1232 0.298395574594236
1233 0.29406809675071605
1234 0.28825681849094714
1235 0.2812584998410343
1236 0.27337879863127407
1237 0.2649300781447665
1238 0.25623150584912224
1239 0.247610187903836
1240 0.23940213657568166
1241 0.23195180978791585
1242 0.22560884351425528
1243 0.22072051128814255
1244 0.21761852827890085
1245 0.21659924659010818
1246 0.2178972467142908
1247 0.22165393021321328
1248 0.22788487520857786
1249 0.23645199935075814
1250 0.2470481495529157
1251 0.259201550084536
1252 0.2723048490898455
1253 0.2856685656721648
1254 0.2985930915214028
1255 0.310449174129116
1256 0.3207552588193614
1257 0.32924047222879105
1258 0.3358822520791487
1259 0.3409065011019479
1260 0.34473817581539407
1261 0.3478977912658936
1262 0.3508597291918086
1263 0.35391692208850345
1264 0.35711508645989865
1265 0.3603066783793345
1266 0.36332553539757906
1267 0.36621773070505587
1268 0.36941250620371624
1269 0.3737043214140415
1270 0.3799666526587582
1271 0.3886461231823478
1272 0.3992509101452863
1273 0.41012138094043277
1274 0.4186385437279267
1275 0.4217610877038362
1276 0.41662982445558894
1277 0.40107756328188554
1278 0.37408152531522854
1279 0.3362215568934916
1280 0.289966648975568
1281 0.2393632661451233
1282 0.18890728990472735
1283 0.1420717296783625
1284 0.10037836637278631
1285 0.06348996121264595
1286 0.030054970194795663
1287 -0.0013129611783769023
1288 -0.03140612197443276
1289 -0.060312497128417464
1290 -0.08771405575920711
1291 -0.11333384390868562
1292 -0.13727326090237935
1293 -0.16009652959059179
1294 -0.1826659041548846
1295 -0.20583382367785585
1296 -0.23013171184645229
1297 -0.2555717808899141
1298 -0.2816205618749001
1299 -0.30733373828753163
1300 -0.3315855507242722
1301 -0.3533040447266596
1302 -0.37164171571355603
1303 -0.386053644499446
1304 -0.3962954326150375
1305 -0.4023734438955947
1306 -0.40447949174420555
1307 -0.4029310215759899
1308 -0.39812580021558985
1309 -0.3905119284109869
1310 -0.3805701253461334
1311 -0.3688043146310275
1312 -0.3557370454651971
1313 -0.3419071768674818
1314 -0.32786801090689593
1315 -0.3141844969920178
1316 -0.3014282446228651
1317 -0.2901689708103426
1318 -0.2809608151101404
1319 -0.27432186557821175
1320 -0.2707054883752081
1321 -0.2704629319234419
1322 -0.27379848905055026
1323 -0.28072142897392693
1324 -0.29100272496942625
1325 -0.3041482901789363
1326 -0.31940205173451686
1327 -0.33578947067783027
1328 -0.35220403695999686
1329 -0.36752780134893276
1330 -0.3807669845236648
1331 -0.39117969248382056
1332 -0.39837495976403475
1333 -0.4023660180597677
1334 -0.40356138855532353
1335 -0.40267795500636694
1336 -0.40057175876567125
1337 -0.39801420273481025
1338 -0.39548520947193505
1339 -0.3930802209060224
1340 -0.3906028657385977
1341 -0.38783668998532644
1342 -0.3848907361688792
1343 -0.3824412141805299
1344 -0.38168353836030755
1345 -0.38389654709229654
1346 -0.3897102241407376
1347 -0.39838636081412815
1348 -0.407506338116147
1349 -0.4132864717276732
1350 -0.41139811620196665
1351 -0.39795540189669387
1352 -0.3704388609067014
1353 -0.32852502322350347
1354 -0.2746788339883809
1355 -0.2139858392971233
1356 -0.15277849558825524
1357 -0.09653801424756947
1358 -0.04832808886795518
1359 -0.008562065064112619
1360 0.0241500908648435
1361 0.05182277148078189
1362 0.07616981236930667
1363 0.09817955682454814
1364 0.11816483786620235
1365 0.1360958043303984
1366 0.1519732236980371
1367 0.16606132346569288
1368 0.1789159891772408
1369 0.1912459534658784
1370 0.20369742386980297
1371 0.21665918168666967
1372 0.23015914234559232
1373 0.24387801667901457
1374 0.25725801568638845
1375 0.2696539123656379
1376 0.2804712684143876
1377 0.28925717111271987
1378 0.29573620979568305
1379 0.29980399924439055
1380 0.30149732489016906
1381 0.3009572924691687
1382 0.2983955745942359
1383 0.29406809675071643
1384 0.28825681849094714
1385 0.2812584998410343
1386 0.2733787986312739
1387 0.2649300781447667
1388 0.25623150584912224
1389 0.247610187903836
1390 0.2394021365756821
1391 0.23195180978791585
1392 0.2256088435142551
1393 0.22072051128814255
1394 0.21761852827890074
1395 0.2165992465901081
1396 0.21789724671429098
1397 0.22165393021321328
1398 0.22788487520857797
1399 0.23645199935075786
1400 0.24704814955291554
1401 0.25920155008453516
1402 0.27230484908984504
1403 0.28566856567216453
1404 0.2985930915214022
1405 0.31044917412911577
1406 0.3207552588193616
1407 0.32924047222879066
1408 0.33588225207914824
1409 0.34090650110194703
1410 0.34473817581539395
1411 0.34789779126589343
1412 0.3508597291918076
1413 0.3539169220885032
1414 0.3571150864598988
1415 0.360306678379334
1416 0.3633255353975789
1417 0.3662177307050565
1418 0.36941250620371624
1419 0.3737043214140415
1420 0.37996665265875834
1421 0.38864612318234815
1422 0.39925091014528674
1423 0.410121380940433
1424 0.4186385437279276
1425 0.42176108770383774
1426 0.41662982445558816
1427 0.40107756328188654
1428 0.3740815253152301
1429 0.3362215568934918
1430 0.28996664897556823
1431 0.23936326614512304
1432 0.18890728990472772
1433 0.1420717296783631
1434 0.10037836637278746
1435 0.06348996121264608
1436 0.030054970194794837
1437 -0.0013129611783762375
1438 -0.03140612197443286
1439 -0.06031249712841816
1440 -0.08771405575920703
1441 -0.11333384390868555
1442 -0.13727326090238
1443 -0.16009652959059195
1444 -0.18266590415488473
1445 -0.2058338236778551
1446 -0.23013171184645176
1447 -0.25557178088991417
1448 -0.2816205618748996
1449 -0.3073337382875315
1450 -0.3315855507242722
1451 -0.3533040447266591
1452 -0.37164171571355575
1453 -0.3860536444994459
1454 -0.3962954326150366
1455 -0.402373443895594
1456 -0.4044794917442048
1457 -0.40293102157598953
1458 -0.3981258002155905
1459 -0.3905119284109866
1460 -0.38057012534613394
1461 -0.3688043146310276
1462 -0.355737045465197
1463 -0.3419071768674819
1464 -0.3278680109068961
1465 -0.3141844969920178
1466 -0.3014282446228649
1467 -0.2901689708103428
1468 -0.28096081511014065
1469 -0.27432186557821114
1470 -0.2707054883752082
1471 -0.270462931923441
1472 -0.27379848905055
1473 -0.28072142897392816
1474 -0.29100272496942575
1475 -0.30414829017893646
1476 -0.3194020517345178
1477 -0.3357894706778309
1478 -0.3522040369599983
1479 -0.36752780134893437
1480 -0.3807669845236656
1481 -0.39117969248382173
1482 -0.3983749597640355
1483 -0.4023660180597678
1484 -0.40356138855532425
1485 -0.402677955006367
1486 -0.400571758765671
1487 -0.3980142027348106
1488 -0.3954852094719347
1489 -0.39308022090602307
1490 -0.3906028657385986
1491 -0.3878366899853264
1492 -0.38489073616888014
1493 -0.38244121418052945
1494 -0.38168353836030766
1495 -0.3838965470922983
1496 -0.38971022414073797
1497 -0.3983863608141278
1498 -0.40750633811614717
1499 -0.41328647172767286
1500 -0.4113981162019659
1501 -0.39795540189669526
1502 -0.37043886090670447
1503 -0.3285250232235056
1504 -0.27467883398838316
1505 -0.21398583929712495
1506 -0.15277849558825757
1507 -0.09653801424757064
1508 -0.048328088867956275
1509 -0.008562065064114038
1510 0.024150090864843328
1511 0.051822771480781085
1512 0.0761698123693061
1513 0.09817955682454801
1514 0.11816483786620201
1515 0.1360958043303981
1516 0.1519732236980371
1517 0.1660613234656928
1518 0.17891598917724044
1519 0.1912459534658779
1520 0.20369742386980255
1521 0.21665918168666884
1522 0.23015914234559237
1523 0.24387801667901432
1524 0.25725801568638773
1525 0.2696539123656378
1526 0.2804712684143873
1527 0.2892571711127192
1528 0.2957362097956827
1529 0.29980399924439016
1530 0.30149732489016856
1531 0.30095729246916825
1532 0.298395574594236
1533 0.29406809675071655
1534 0.2882568184909476
1535 0.28125849984103496
1536 0.27337879863127446
1537 0.2649300781447671
1538 0.2562315058491227
1539 0.24761018790383635
1540 0.2394021365756826
1541 0.23195180978791646
1542 0.2256088435142557
1543 0.22072051128814268
1544 0.21761852827890107
1545 0.21659924659010776
1546 0.21789724671429023
1547 0.2216539302132126
1548 0.2278848752085772
1549 0.23645199935075772
1550 0.24704814955291576
1551 0.2592015500845355
1552 0.27230484908984537
1553 0.2856685656721643
1554 0.29859309152140273
1555 0.3104491741291158
1556 0.32075525881936123
1557 0.329240472228791
1558 0.33588225207914835
1559 0.3409065011019485
1560 0.3447381758153948
1561 0.3478977912658936
1562 0.35085972919180797
1563 0.35391692208850406
1564 0.35711508645989803
1565 0.36030667837933467
1566 0.3633255353975789
1567 0.36621773070505587
1568 0.3694125062037173
1569 0.3737043214140417
1570 0.3799666526587587
1571 0.38864612318234887
1572 0.39925091014528713
1573 0.4101213809404332
1574 0.41863854372792836
1575 0.4217610877038362
1576 0.4166298244555907
1577 0.40107756328188754
1578 0.37408152531523053
1579 0.3362215568934938
1580 0.28996664897556906
1581 0.23936326614512374
1582 0.1889072899047282
1583 0.14207172967836448
1584 0.10037836637278892
1585 0.06348996121264663
1586 0.030054970194797786
1587 -0.0013129611783755735
1588 -0.031406121974431614
1589 -0.06031249712841638
1590 -0.08771405575920731
1591 -0.1133338439086838
1592 -0.1372732609023791
1593 -0.16009652959059162
1594 -0.18266590415488415
1595 -0.20583382367785436
1596 -0.2301317118464519
1597 -0.25557178088991306
1598 -0.28162056187489937
1599 -0.30733373828753086
1600 -0.3315855507242713
1601 -0.3533040447266594
1602 -0.37164171571355453
1603 -0.3860536444994455
1604 -0.3962954326150363
1605 -0.40237344389559365
1606 -0.40447949174420444
1607 -0.40293102157598953
1608 -0.39812580021558946
1609 -0.3905119284109871
1610 -0.3805701253461339
1611 -0.3688043146310275
1612 -0.3557370454651973
1613 -0.34190717686748173
1614 -0.327868010906896
1615 -0.3141844969920178
1616 -0.30142824462286505
1617 -0.2901689708103424
1618 -0.28096081511014015
1619 -0.2743218655782117
1620 -0.27070548837520714
1621 -0.2704629319234405
1622 -0.27379848905055
1623 -0.2807214289739263
1624 -0.2910027249694265
1625 -0.30414829017893646
1626 -0.3194020517345176
1627 -0.33578947067783116
1628 -0.35220403695999775
1629 -0.36752780134893354
1630 -0.38076698452366575
1631 -0.39117969248382134
1632 -0.3983749597640353
1633 -0.40236601805976796
1634 -0.40356138855532353
1635 -0.40267795500636727
1636 -0.4005717587656709
1637 -0.3980142027348105
1638 -0.3954852094719351
1639 -0.393080220906023
1640 -0.3906028657385979
1641 -0.3878366899853273
1642 -0.3848907361688792
1643 -0.3824412141805294
1644 -0.38168353836030805
1645 -0.3838965470922965
1646 -0.3897102241407391
1647 -0.39838636081412826
1648 -0.4075063381161473
1649 -0.41328647172767363
1650 -0.4113981162019677
1651 -0.39795540189669654
1652 -0.3704388609067051
1653 -0.32852502322350874
1654 -0.2746788339883858
1655 -0.2139858392971276
1656 -0.15277849558825873
1657 -0.09653801424757417
1658 -0.04832808886795849
1659 -0.008562065064115892
1660 0.024150090864841232
1661 0.0518227714807798
1662 0.07616981236930494
1663 0.09817955682454681
1664 0.11816483786620105
1665 0.1360958043303973
1666 0.15197322369803637
1667 0.16606132346569188
1668 0.17891598917723983
1669 0.1912459534658771
1670 0.2036974238698021
1671 0.21665918168666845
1672 0.23015914234559132
1673 0.2438780166790133
1674 0.257258015686387
1675 0.2696539123656373
1676 0.28047126841438613
1677 0.28925717111271865
1678 0.2957362097956817
1679 0.29980399924438955
1680 0.3014973248901679
1681 0.30095729246916797
1682 0.2983955745942354
1683 0.29406809675071605
1684 0.2882568184909469
1685 0.2812584998410341
1686 0.2733787986312739
1687 0.2649300781447664
1688 0.25623150584912174
1689 0.24761018790383552
1690 0.23940213657568152
1691 0.23195180978791544
1692 0.22560884351425486
1693 0.22072051128814196
1694 0.21761852827889996
1695 0.21659924659010718
1696 0.21789724671428992
1697 0.2216539302132129
1698 0.2278848752085778
1699 0.2364519993507588
1700 0.24704814955291657
1701 0.25920155008453616
1702 0.2723048490898459
1703 0.28566856567216503
1704 0.298593091521403
1705 0.3104491741291158
1706 0.3207552588193624
1707 0.3292404722287918
1708 0.3358822520791486
1709 0.34090650110194903
1710 0.34473817581539384
1711 0.3478977912658938
1712 0.3508597291918071
1713 0.35391692208850317
1714 0.3571150864598982
1715 0.3603066783793339
1716 0.3633255353975782
1717 0.3662177307050565
1718 0.3694125062037167
1719 0.3737043214140417
1720 0.379966652658759
1721 0.38864612318234865
1722 0.39925091014528763
1723 0.410121380940433
1724 0.41863854372792847
1725 0.4217610877038382
1726 0.4166298244555907
1727 0.40107756328188915
1728 0.3740815253152345
1729 0.33622155689349675
1730 0.28996664897557234
1731 0.23936326614512704
1732 0.18890728990473238
1733 0.14207172967836715
1734 0.10037836637279311
1735 0.06348996121265034
1736 0.030054970194799607
1737 -0.0013129611783722513
1738 -0.031406121974428484
1739 -0.060312497128414716
1740 -0.08771405575920453
1741 -0.11333384390868258
1742 -0.13727326090237793
1743 -0.1600965295905893
1744 -0.182665904154883
1745 -0.2058338236778525
1746 -0.2301317118464498
1747 -0.2555717808899115
1748 -0.2816205618748973
1749 -0.30733373828752875
1750 -0.33158555072427043
1751 -0.35330404472665755
1752 -0.3716417157135537
1753 -0.38605364449944435
1754 -0.3962954326150342
1755 -0.4023734438955927
1756 -0.4044794917442027
1757 -0.4029310215759884
1758 -0.3981258002155895
1759 -0.39051192841098625
1760 -0.3805701253461334
1761 -0.36880431463102764
1762 -0.3557370454651971
1763 -0.34190717686748173
1764 -0.3278680109068959
1765 -0.31418449699201756
1766 -0.3014282446228647
1767 -0.29016897081034265
1768 -0.2809608151101399
1769 -0.27432186557821064
1770 -0.270705488375207
1771 -0.2704629319234394
1772 -0.2737984890505496
1773 -0.28072142897392727
1774 -0.291002724969426
1775 -0.3041482901789364
1776 -0.31940205173451874
1777 -0.33578947067783116
1778 -0.3522040369599989
1779 -0.3675278013489347
1780 -0.3807669845236662
1781 -0.39117969248382223
1782 -0.39837495976403564
1783 -0.4023660180597681
1784 -0.4035613885553239
1785 -0.4026779550063668
1786 -0.40057175876567047
1787 -0.398014202734811
1788 -0.3954852094719347
1789 -0.3930802209060234
1790 -0.39060286573859837
1791 -0.3878366899853268
1792 -0.3848907361688798
1793 -0.3824412141805288
1794 -0.38168353836030783
1795 -0.383896547092298
1796 -0.38971022414073875
1797 -0.3983863608141281
1798 -0.40750633811614834
1799 -0.4132864717276743
1800 -0.4113981162019679
1801 -0.39795540189669876
1802 -0.37043886090670897
1803 -0.3285250232235115
1804 -0.2746788339883887
1805 -0.2139858392971299
1806 -0.15277849558826162
1807 -0.09653801424757553
1808 -0.0483280888679603
1809 -0.008562065064119167
1810 0.02415009086483943
1811 0.05182277148077746
1812 0.07616981236930281
1813 0.098179556824545
1814 0.11816483786619916
1815 0.13609580433039564
1816 0.15197322369803495
1817 0.1660613234656906
1818 0.1789159891772389
1819 0.19124595346587625
1820 0.2036974238698016
1821 0.2166591816866677
1822 0.2301591423455911
1823 0.24387801667901302
1824 0.2572580156863865
1825 0.26965391236563657
1826 0.28047126841438597
1827 0.28925717111271826
1828 0.29573620979568144
1829 0.29980399924438894
1830 0.3014973248901673
1831 0.30095729246916725
1832 0.2983955745942349
1833 0.2940680967507155
1834 0.28825681849094653
1835 0.281258499841034
1836 0.2733787986312735
1837 0.2649300781447668
1838 0.25623150584912213
1839 0.24761018790383557
1840 0.23940213657568166
1841 0.23195180978791585
1842 0.22560884351425528
1843 0.22072051128814202
1844 0.21761852827890052
1845 0.21659924659010735
1846 0.2178972467142896
1847 0.2216539302132121
1848 0.22788487520857664
1849 0.2364519993507571
1850 0.24704814955291507
1851 0.25920155008453494
1852 0.2723048490898449
1853 0.2856685656721638
1854 0.29859309152140234
1855 0.3104491741291148
1856 0.3207552588193615
1857 0.32924047222879105
1858 0.3358822520791485
1859 0.34090650110194853
1860 0.34473817581539495
1861 0.3478977912658938
1862 0.35085972919180797
1863 0.35391692208850406
1864 0.35711508645989787
1865 0.36030667837933467
1866 0.36332553539757906
1867 0.36621773070505614
1868 0.36941250620371624
1869 0.3737043214140412
1870 0.37996665265875806
1871 0.38864612318234815
1872 0.3992509101452865
1873 0.41012138094043277
1874 0.4186385437279279
1875 0.42176108770383575
1876 0.4166298244555905
1877 0.40107756328188743
1878 0.37408152531523065
1879 0.336221556893494
1880 0.28996664897556934
1881 0.2393632661451239
1882 0.1889072899047283
1883 0.14207172967836462
1884 0.10037836637278907
1885 0.0634899612126467
1886 0.030054970194797786
1887 -0.0013129611783755735
1888 -0.031406121974431614
1889 -0.060312497128416194
1890 -0.0877140557592074
1891 -0.11333384390868372
1892 -0.137273260902379
1893 -0.16009652959059162
1894 -0.1826659041548841
1895 -0.20583382367785444
1896 -0.2301317118464518
1897 -0.25557178088991295
1898 -0.28162056187489926
1899 -0.30733373828753074
1900 -0.33158555072427126
1901 -0.3533040447266595
1902 -0.3716417157135544
1903 -0.3860536444994454
1904 -0.39629543261503647
1905 -0.4023734438955937
1906 -0.4044794917442046
1907 -0.40293102157598976
1908 -0.3981258002155897
1909 -0.39051192841098736
1910 -0.3805701253461341
1911 -0.36880431463102786
1912 -0.35573704546519774
1913 -0.34190717686748207
1914 -0.3278680109068963
1915 -0.31418449699201795
1916 -0.3014282446228654
1917 -0.2901689708103428
1918 -0.2809608151101404
1919 -0.2743218655782118
1920 -0.27070548837520725
1921 -0.2704629319234407
1922 -0.27379848905054976
1923 -0.2807214289739263
1924 -0.29100272496942636
1925 -0.30414829017893624
1926 -0.31940205173451736
1927 -0.335789470677831
1928 -0.35220403695999775
1929 -0.3675278013489333
1930 -0.38076698452366575
1931 -0.39117969248382123
1932 -0.39837495976403525
1933 -0.4023660180597681
1934 -0.4035613885553236
1935 -0.4026779550063673
1936 -0.4005717587656709
1937 -0.3980142027348104
1938 -0.3954852094719353
1939 -0.3930802209060232
1940 -0.39060286573859804
1941 -0.3878366899853273
1942 -0.3848907361688795
1943 -0.38244121418052957
1944 -0.3816835383603082
1945 -0.38389654709229654
1946 -0.3897102241407391
1947 -0.3983863608141281
1948 -0.4075063381161472
1949 -0.4132864717276737
1950 -0.4113981162019677
1951 -0.3979554018966967
1952 -0.3704388609067055
1953 -0.3285250232235093
1954 -0.2746788339883865
1955 -0.2139858392971284
1956 -0.1527784955882593
1957 -0.0965380142475748
1958 -0.04832808886795899
1959 -0.008562065064116222
1960 0.024150090864841
1961 0.051822771480779434
1962 0.07616981236930494
1963 0.09817955682454647
1964 0.11816483786620062
1965 0.13609580433039695
1966 0.15197322369803593
1967 0.16606132346569166
1968 0.17891598917723972
1969 0.1912459534658771
1970 0.20369742386980202
1971 0.21665918168666817
1972 0.2301591423455912
1973 0.2438780166790131
1974 0.257258015686387
1975 0.26965391236563696
1976 0.28047126841438647
1977 0.2892571711127191
1978 0.2957362097956818
1979 0.29980399924438966
1980 0.3014973248901684
1981 0.3009572924691684
1982 0.2983955745942359
1983 0.29406809675071655
1984 0.2882568184909472
1985 0.28125849984103435
1986 0.27337879863127407
1987 0.2649300781447668
1988 0.256231505849122
1989 0.24761018790383557
1990 0.239402136575682
1991 0.23195180978791557
1992 0.22560884351425495
1993 0.22072051128814202
1994 0.2176185282789002
1995 0.21659924659010718
1996 0.21789724671429003
1997 0.2216539302132131
1998 0.22788487520857809
1999 0.2364519993507588
