0 0.0
1 0.0
2 0.02551932372884513
3 0.05420274876147813
4 0.09156238698407582
5 0.1249931207942313
6 0.1554201885017637
7 0.1784228030354236
8 0.19638940334860666
9 0.2097790311494065
10 0.22122923884603551
11 0.2315974264426615
12 0.24175458263634098
13 0.2514208521163846
14 0.2604165150394296
15 0.26853863784170934
16 0.27614641037573306
17 0.2839335649079795
18 0.2928563780526741
19 0.3037371470639597
20 0.31704429674590734
21 0.33269506128374754
22 0.3500669566684995
23 0.3680997998803264
24 0.38550037201687776
25 0.40095060303023045
26 0.41329663177266496
27 0.42167358900382407
28 0.42556835470555715
29 0.4248209552790436
30 0.41958501762854633
31 0.41026302835699285
32 0.39743454278030355
33 0.3817882446236832
34 0.3640657365472881
35 0.3450195483074674
36 0.3253855005118676
37 0.30586713805837756
38 0.2871292422459103
39 0.2697968560300761
40 0.25445636107690583
41 0.2416552160323719
42 0.2318972620249261
43 0.2256308457189019
44 0.22322767570602267
45 0.22495143383922583
46 0.23091698547638415
47 0.2410436741679497
48 0.2550095890012975
49 0.27221738014197006
50 0.2917852050972558
51 0.312577217267828
52 0.3332848997356732
53 0.3525620583330789
54 0.3692022334508556
55 0.3823297652709349
56 0.39155975367339335
57 0.39707511105969384
58 0.39957848022531395
59 0.4001070730582509
60 0.39974566914289755
61 0.39932285457738226
62 0.39920542991900293
63 0.39929285154483984
64 0.39924713487473906
65 0.39888766278524684
66 0.3985758158596245
67 0.39936722992108503
68 0.4027641868156705
69 0.41006004333427354
70 0.42147739909804005
71 0.43546406580302494
72 0.44852841464185317
73 0.45582693199269625
74 0.45241208002574546
75 0.43473910693218665
76 0.40186898009510336
77 0.35588483445899816
78 0.3013398867519369
79 0.24394289858265478
80 0.18898404618383685
81 0.14007613293169507
82 0.0986123935814549
83 0.06401894849653202
84 0.03456459237426226
85 0.00831885931814829
86 -0.01612682287920514
87 -0.03938454266879378
88 -0.0614274779880466
89 -0.08199647882039984
90 -0.10101660249899763
91 -0.1188377780415017
92 -0.13622775400208306
93 -0.1541594553803663
94 -0.1735045837187295
95 -0.19475637413895358
96 -0.21786914649452335
97 -0.24224642866755997
98 -0.26685809260651
99 -0.29043554303416913
100 -0.31168612997112805
101 -0.329478392465309
102 -0.34296943337615593
103 -0.35166616443284326
104 -0.3554278048206287
105 -0.3544257583273935
106 -0.3490793602915981
107 -0.3399838867799935
108 -0.3278428469843534
109 -0.31341172365530306
110 -0.29745610585627413
111 -0.28072406004131856
112 -0.2639306404464969
113 -0.2477514286800167
114 -0.23282161339317964
115 -0.21973710014630077
116 -0.20905429217105256
117 -0.20128542830816729
118 -0.19688674128708267
119 -0.1962373441464216
120 -0.19960787171225397
121 -0.20711971790253195
122 -0.21869835661961093
123 -0.23402763319248457
124 -0.2525156028703229
125 -0.2732854984304739
126 -0.295206238904805
127 -0.31697378222669714
128 -0.3372461360625723
129 -0.354820786264318
130 -0.3688257777526696
131 -0.37887968910599135
132 -0.38516869917851404
133 -0.3883985179205189
134 -0.3896092372381045
135 -0.3898883410139766
136 -0.3900669546466181
137 -0.3905142630624211
138 -0.39113196152940677
139 -0.39158416775616006
140 -0.3916922386404133
141 -0.39181940834502693
142 -0.39302305317980557
143 -0.3968070892845282
144 -0.4044664080301632
145 -0.41622504998812143
146 -0.4305321798875831
147 -0.4438974394012694
148 -0.4514785078712558
149 -0.4483289676449631
150 -0.4309051187450877
151 -0.39826891621050436
152 -0.35250442238135893
153 -0.2981657247978861
154 -0.24096240274985586
155 -0.1861854002615667
156 -0.1374482416553347
157 -0.0961448386451846
158 -0.06170194724983468
159 -0.03238895903849085
160 -0.0062759685693984865
161 0.01804507010529292
162 0.04118575128586998
163 0.06311878890882212
164 0.08358459726687822
165 0.10250782458540647
166 0.12023801573531137
167 0.13754255856207132
168 0.15539403936464863
169 0.1746638416500072
170 0.19584490190890627
171 0.21889125958427574
172 0.2432061792564573
173 0.26775928563703055
174 0.2912817512966637
175 0.3124807082681888
176 0.33022449091192413
177 0.34367000988837704
178 0.35232399645447854
179 0.3560455003344518
180 0.35500576619452173
181 0.3496239799600304
182 0.34049527740080016
183 0.32832303597165474
184 0.31386261472397753
185 0.2978794865692573
186 0.2811216088964183
187 0.26430393353081666
188 0.24810194591837248
189 0.23315074441527822
190 0.22004614979594378
191 0.20934448567920458
192 0.20155791615039867
193 0.19714260374464337
194 0.19647759558902855
195 0.1998334646195723
196 0.2073315466402916
197 0.2188972609853296
198 0.23421440174485586
199 0.25269097605546564
200 0.2734501715174395
201 0.2953608647419805
202 0.3171189738300292
203 0.3373824690458772
204 0.35494880112130867
205 0.3689459819997498
206 0.3789925592943099
207 0.38527468278325794
208 0.3884980351149333
209 0.3897026825592752
210 0.38997608492697644
211 0.3901493450132205
212 0.39059162652020174
213 0.39120460478670244
214 0.3916523788080172
215 0.39175628791034783
216 0.3918795497571216
217 0.3930795251653948
218 0.3968601157274616
219 0.4045161991543965
220 0.41627180319115176
221 0.43057608052303226
222 0.4439386615137224
223 0.4515172148862613
224 0.44836531301693666
225 0.4309392465656826
226 0.39830096177986696
227 0.3525345127445252
228 0.29819397924845326
229 0.240988933302926
230 0.18621031209782812
231 0.1374716335380553
232 0.09616680331175775
233 0.06172257177943898
234 0.03240832519731602
235 0.006294153134808564
236 -0.018027995040374792
237 -0.0411697180271485
238 -0.06310373389225479
239 -0.08357046080667514
240 -0.10249455063740516
241 -0.12022555167478913
242 -0.13753085497511386
243 -0.15538304985224805
244 -0.17465352264411263
245 -0.19583521249969757
246 -0.21888216135797628
247 -0.24319763614304216
248 -0.26775126376722636
249 -0.29127421886767335
250 -0.31247363541760914
251 -0.3302178495993561
252 -0.3436637737842585
253 -0.3523181408357022
254 -0.35604000198634794
255 -0.35500060331882455
256 -0.349619132088459
257 -0.34049072531391056
258 -0.32831876162264506
259 -0.313858601167141
260 -0.2978757178928004
261 -0.28111807015937934
262 -0.264300610703831
263 -0.24809882582805337
264 -0.23314781469199108
265 -0.2200433988247662
266 -0.20934190255387905
267 -0.20155549063009445
268 -0.1971403262133568
269 -0.19647545701746005
270 -0.1998314565293298
271 -0.20732966107027767
272 -0.21889549046017986
273 -0.2342127392453026
274 -0.2526894149905098
275 -0.2734487056982208
276 -0.29535948835724135
277 -0.31711768142307617
278 -0.33738125549294784
279 -0.3549476616112581
280 -0.36894491201497703
281 -0.3789915545928478
282 -0.38527373938195564
283 -0.38849714927366535
284 -0.3897018507661134
285 -0.3899753038842672
286 -0.39014861162451064
287 -0.39059093787796323
288 -0.39120395816080494
289 -0.39165177163490483
290 -0.3917557177828756
291 -0.3918790144150125
292 -0.3930790224862787
293 -0.39685964371846133
294 -0.4045157559442267
295 -0.41627138702270067
296 -0.43057568974639504
297 -0.44393829457966055
298 -0.4515168703400604
299 -0.44836498949263925
300 -0.4309389427806729
301 -0.39830067652978574
302 -0.35253424489849505
303 -0.2981937277445955
304 -0.24098869714415067
305 -0.18621009034788083
306 -0.13747142531780593
307 -0.09616660779571455
308 -0.061722388192476385
309 -0.0324081528116013
310 -0.006293991266916578
311 0.018028147032171215
312 0.04116986074542262
313 0.06310386790281489
314 0.08357058664080763
315 0.10249466879398096
316 0.12022566262224135
317 0.137530959153295
318 0.1553831476741737
319 0.17465361449759897
320 0.19583529874889885
321 0.21888224234482848
322 0.2431977121886186
323 0.2677513351730106
324 0.29127428591675447
325 0.312473698375804
326 0.3302179087162632
327 0.34366382929424777
328 0.3523181929588432
329 0.35604005092928415
330 0.3550006492755901
331 0.34961917524125075
332 0.3404907658338074
333 0.3283187996702888
334 0.31385863689337223
335 0.297875751439256
336 0.28111810165905476
337 0.2643006402816069
338 0.24809885360119138
339 0.23314784077059802
340 0.22004342331223103
341 0.20934192554728268
342 0.20155551222059429
343 0.19714034648654893
344 0.19647547605371776
345 0.19983147440412238
346 0.2073296778544704
347 0.21889550622031323
348 0.23421275404385822
349 0.2526894288861562
350 0.2734487187460481
351 0.2953595006089772
352 0.3171176929272933
353 0.3373812662952545
354 0.35494767175448033
355 0.3689449215393275
356 0.3789915635360862
357 0.3852737477795372
358 0.38849715715888283
359 0.3897018581702277
360 0.389975310836632
361 0.3901486181526887
362 0.39059094400783545
363 0.39120396391667345
364 0.3916517770395887
365 0.39175572285780186
366 0.39187901918030077
367 0.3930790269608209
368 0.39685964791999717
369 0.4045157598894128
370 0.41627139072717795
371 0.4305756932248497
372 0.44393829784588335
373 0.4515168734070004
374 0.44836499237245503
375 0.43093894548478173
376 0.3983006790689079
377 0.3525342472826961
378 0.29819372998332916
379 0.24098869924629102
380 0.1862100923217631
381 0.1374714271712548
382 0.09616660953607822
383 0.06172238982665477
384 0.0324081543460726
385 0.006293992707765081
386 -0.018028145679233876
387 -0.04116985947503232
388 -0.0631038667099354
389 -0.08357058552070963
390 -0.10249466774222385
391 -0.12022566163465542
392 -0.1375309582259649
393 -0.155383146803423
394 -0.1746536136799755
395 -0.1958352979811614
396 -0.21888224162393335
397 -0.24319771151170777
398 -0.26775133453740024
399 -0.2912742853199249
400 -0.31247369781538903
401 -0.3302179081900407
402 -0.3436638288001321
403 -0.352318192494875
404 -0.35604005049362425
405 -0.3550006488665115
406 -0.3496191748571309
407 -0.34049076547312407
408 -0.32831879933161207
409 -0.3138586365753593
410 -0.2978757511406462
411 -0.2811181013786641
412 -0.2643006400183237
413 -0.24809885335397205
414 -0.23314784053846233
415 -0.22004342309425864
416 -0.2093419253426094
417 -0.20155551202840905
418 -0.19714034630608931
419 -0.19647547588426872
420 -0.1998314742450119
421 -0.2073296777050675
422 -0.2188955060800264
423 -0.23421275391213067
424 -0.2526894287624658
425 -0.2734487186299044
426 -0.2953595004999197
427 -0.3171176928248898
428 -0.3373812661990989
429 -0.35494767166419156
430 -0.36894492145454755
431 -0.37899156345647894
432 -0.3852737477047873
433 -0.38849715708869337
434 -0.38970185810432073
435 -0.3899753107747463
436 -0.3901486180945788
437 -0.39059094395327104
438 -0.3912039638654382
439 -0.3916517769914794
440 -0.39175572281262794
441 -0.391879019137883
442 -0.3930790269209911
443 -0.3968596478825973
444 -0.4045157598542952
445 -0.41627139069420277
446 -0.43057569319388656
447 -0.4439382978168093
448 -0.45151687337970076
449 -0.44836499234682
450 -0.4309389454607105
451 -0.39830067904630556
452 -0.35253424726147264
453 -0.29819372996340154
454 -0.2409886992275791
455 -0.18621009230419294
456 -0.13747142715475655
457 -0.09616660952058667
458 -0.061722389812108334
459 -0.03240815433241373
460 -0.0062939926949395625
461 0.01802814569127687
462 0.04116985948634051
463 0.06310386672055365
464 0.08357058553068002
465 0.10249466775158593
466 0.12022566164344628
467 0.1375309582342194
468 0.15538314681117385
469 0.17465361368725346
470 0.1958352979879952
471 0.21888224163035025
472 0.24319771151773314
473 0.267751334543058
474 0.29127428532523747
475 0.3124736978203775
476 0.33021790819472474
477 0.34366382880453034
478 0.3523181924990049
479 0.3560400504975022
480 0.3550006488701529
481 0.3496191748605501
482 0.34049076547633467
483 0.32831879933462677
484 0.31385863657819
485 0.2978757511433042
486 0.28111810138116
487 0.26430064002066733
488 0.2480988533561727
489 0.2331478405405287
490 0.22004342309619893
491 0.2093419253444313
492 0.20155551203011976
493 0.19714034630769564
494 0.19647547588577707
495 0.19983147424642814
496 0.2073296777063973
497 0.21889550608127506
498 0.23421275391330318
499 0.25268942876356676
500 0.27344871863093817
501 0.29535950050089044
502 0.31711769282580127
503 0.3373812661999548
504 0.35494767166499525
505 0.36894492145530217
506 0.3789915634571876
507 0.38527374770545264
508 0.38849715708931815
509 0.3897018581049074
510 0.3899753107752971
511 0.39014861809509604
512 0.39059094395375676
513 0.39120396386589423
514 0.3916517769919077
515 0.39175572281303
516 0.39187901913826056
517 0.39307902692134566
518 0.3968596478829302
519 0.40451575985460775
520 0.41627139069449626
521 0.4305756931941621
522 0.44393829781706806
523 0.4515168733799438
524 0.44836499234704824
525 0.43093894546092487
526 0.39830067904650696
527 0.3525342472616618
528 0.2981937299635792
529 0.24098869922774593
530 0.1862100923043496
531 0.13747142715490368
532 0.09616660952072476
533 0.06172238981223803
534 0.032408154332535494
535 0.0062939926950539085
536 -0.018028145691169496
537 -0.0411698594862397
538 -0.06310386672045898
539 -0.08357058553059113
540 -0.10249466775150247
541 -0.1202256616433679
542 -0.13753095823414582
543 -0.15538314681110477
544 -0.17465361368718857
545 -0.19583529798793428
546 -0.21888224163029302
547 -0.2431977115176794
548 -0.2677513345430076
549 -0.29127428532519006
550 -0.31247369782033296
551 -0.33021790819468305
552 -0.34366382880449114
553 -0.3523181924989682
554 -0.3560400504974678
555 -0.3550006488701205
556 -0.34961917486051974
557 -0.34049076547630613
558 -0.32831879933459995
559 -0.3138586365781649
560 -0.2978757511432806
561 -0.2811181013811378
562 -0.26430064002064646
563 -0.24809885335615312
564 -0.2331478405405103
565 -0.22004342309618166
566 -0.20934192534441506
567 -0.20155551203010455
568 -0.19714034630768135
569 -0.19647547588576364
570 -0.19983147424641554
571 -0.20732967770638547
572 -0.21889550608126396
573 -0.23421275391329271
574 -0.25268942876355693
575 -0.27344871863092896
576 -0.2953595005008818
577 -0.3171176928257931
578 -0.3373812661999471
579 -0.35494767166498803
580 -0.3689449214552954
581 -0.3789915634571813
582 -0.3852737477054467
583 -0.38849715708931265
584 -0.38970185810490215
585 -0.3899753107752923
586 -0.3901486180950914
587 -0.39059094395375243
588 -0.3912039638658902
589 -0.3916517769919039
590 -0.39175572281302645
591 -0.3918790191382572
592 -0.3930790269213425
593 -0.3968596478829272
594 -0.404515759854605
595 -0.41627139069449354
596 -0.4305756931941596
597 -0.4439382978170657
598 -0.45151687337994156
599 -0.4483649923470462
600 -0.430938945460923
601 -0.3983006790465052
602 -0.35253424726166016
603 -0.2981937299635777
604 -0.24098869922774446
605 -0.18621009230434823
606 -0.13747142715490235
607 -0.09616660952072352
608 -0.06172238981223683
609 -0.032408154332534356
610 -0.006293992695052826
611 0.01802814569117051
612 0.04116985948624065
613 0.06310386672045987
614 0.08357058553059196
615 0.10249466775150326
616 0.12022566164336865
617 0.13753095823414652
618 0.15538314681110538
619 0.17465361368718918
620 0.19583529798793484
621 0.21888224163029354
622 0.24319771151767985
623 0.267751334543008
624 0.2912742853251905
625 0.31247369782033335
626 0.3302179081946834
627 0.3436638288044915
628 0.3523181924989685
629 0.356040050497468
630 0.35500064887012084
631 0.3496191748605201
632 0.3404907654763065
633 0.3283187993346003
634 0.3138586365781652
635 0.29787575114328085
636 0.28111810138113813
637 0.26430064002064674
638 0.2480988533561534
639 0.23314784054051052
640 0.22004342309618188
641 0.2093419253444152
642 0.2015555120301046
643 0.19714034630768143
644 0.19647547588576364
645 0.1998314742464156
646 0.20732967770638547
647 0.2188955060812633
648 0.23421275391329252
649 0.2526894287635565
650 0.2734487186309287
651 0.2953595005008814
652 0.31711769282579283
653 0.33738126619994685
654 0.35494767166498753
655 0.36894492145529517
656 0.3789915634571809
657 0.3852737477054469
658 0.3884971570893125
659 0.38970185810490227
660 0.3899753107752922
661 0.3901486180950915
662 0.3905909439537525
663 0.39120396386589024
664 0.39165177699190395
665 0.3917557228130265
666 0.3918790191382573
667 0.39307902692134256
668 0.3968596478829269
669 0.40451575985460486
670 0.4162713906944933
671 0.43057569319415945
672 0.4439382978170656
673 0.45151687337994073
674 0.4483649923470474
675 0.430938945460925
676 0.39830067904650435
677 0.35253424726166127
678 0.29819372996357757
679 0.24098869922774513
680 0.18621009230434832
681 0.1374714271549028
682 0.0961666095207237
683 0.06172238981223656
684 0.03240815433253477
685 0.006293992695052784
686 -0.018028145691170294
687 -0.041169859486240634
688 -0.06310386672045974
689 -0.08357058553059192
690 -0.10249466775150318
691 -0.12022566164336859
692 -0.13753095823414646
693 -0.15538314681110535
694 -0.17465361368718876
695 -0.1958352979879347
696 -0.2188822416302932
697 -0.2431977115176793
698 -0.26775133454300787
699 -0.2912742853251901
700 -0.3124736978203332
701 -0.33021790819468344
702 -0.343663828804491
703 -0.35231819249896845
704 -0.3560400504974678
705 -0.3550006488701214
706 -0.34961917486052013
707 -0.3404907654763069
708 -0.32831879933460095
709 -0.3138586365781652
710 -0.2978757511432813
711 -0.28111810138113824
712 -0.2643006400206472
713 -0.24809885335615356
714 -0.23314784054051085
715 -0.22004342309618208
716 -0.20934192534441579
717 -0.20155551203010488
718 -0.19714034630768187
719 -0.19647547588576347
720 -0.19983147424641629
721 -0.20732967770638558
722 -0.21889550608126374
723 -0.23421275391329208
724 -0.25268942876355716
725 -0.27344871863092857
726 -0.2953595005008817
727 -0.31711769282579294
728 -0.3373812661999471
729 -0.354947671664988
730 -0.3689449214552958
731 -0.37899156345718094
732 -0.38527374770544687
733 -0.3884971570893125
734 -0.38970185810490254
735 -0.3899753107752922
736 -0.39014861809509166
737 -0.39059094395375243
738 -0.3912039638658903
739 -0.3916517769919039
740 -0.39175572281302656
741 -0.39187901913825723
742 -0.3930790269213427
743 -0.39685964788292727
744 -0.4045157598546051
745 -0.41627139069449304
746 -0.4305756931941599
747 -0.4439382978170655
748 -0.45151687337994173
749 -0.4483649923470462
750 -0.43093894546092326
751 -0.39830067904650546
752 -0.3525342472616626
753 -0.2981937299635772
754 -0.24098869922774582
755 -0.18621009230434835
756 -0.1374714271549028
757 -0.09616660952072431
758 -0.061722389812237294
759 -0.03240815433253495
760 -0.006293992695053284
761 0.018028145691170016
762 0.04116985948624023
763 0.06310386672045944
764 0.08357058553059157
765 0.10249466775150287
766 0.12022566164336826
767 0.13753095823414596
768 0.15538314681110496
769 0.17465361368718907
770 0.19583529798793453
771 0.2188822416302938
772 0.24319771151767974
773 0.2677513345430081
774 0.2912742853251904
775 0.3124736978203333
776 0.33021790819468366
777 0.34366382880449203
778 0.3523181924989689
779 0.3560400504974685
780 0.35500064887012056
781 0.3496191748605203
782 0.34049076547630586
783 0.3283187993346003
784 0.3138586365781649
785 0.29787575114328113
786 0.28111810138113785
787 0.264300640020647
788 0.2480988533561533
789 0.2331478405405107
790 0.2200434230961822
791 0.20934192534441573
792 0.20155551203010494
793 0.1971403463076822
794 0.19647547588576408
795 0.19983147424641612
796 0.20732967770638527
797 0.2188955060812642
798 0.23421275391329202
799 0.2526894287635562
800 0.27344871863092823
801 0.29535950050088167
802 0.3171176928257928
803 0.337381266199947
804 0.3549476716649876
805 0.3689449214552953
806 0.378991563457181
807 0.3852737477054471
808 0.38849715708931265
809 0.38970185810490265
810 0.3899753107752925
811 0.3901486180950918
812 0.3905909439537528
813 0.3912039638658905
814 0.39165177699190423
815 0.39175572281302673
816 0.39187901913825757
817 0.3930790269213428
818 0.3968596478829271
819 0.4045157598546051
820 0.41627139069449287
821 0.43057569319415906
822 0.4439382978170652
823 0.4515168733799396
824 0.44836499234704547
825 0.4309389454609239
826 0.39830067904650307
827 0.3525342472616603
828 0.29819372996357657
829 0.24098869922774507
830 0.18621009230434782
831 0.13747142715490213
832 0.09616660952072376
833 0.06172238981223671
834 0.03240815433253523
835 0.0062939926950530065
836 -0.01802814569116996
837 -0.041169859486240405
838 -0.06310386672045948
839 -0.08357058553059171
840 -0.10249466775150298
841 -0.12022566164336841
842 -0.13753095823414618
843 -0.15538314681110538
844 -0.17465361368718968
845 -0.19583529798793542
846 -0.218882241630294
847 -0.24319771151767994
848 -0.2677513345430085
849 -0.2912742853251907
850 -0.31247369782033374
851 -0.3302179081946843
852 -0.3436638288044921
853 -0.3523181924989699
854 -0.3560400504974683
855 -0.3550006488701206
856 -0.34961917486051963
857 -0.34049076547630625
858 -0.32831879933460045
859 -0.3138586365781647
860 -0.2978757511432809
861 -0.2811181013811378
862 -0.264300640020647
863 -0.24809885335615328
864 -0.23314784054051058
865 -0.22004342309618197
866 -0.20934192534441576
867 -0.2015555120301052
868 -0.19714034630768193
869 -0.19647547588576364
870 -0.19983147424641637
871 -0.20732967770638572
872 -0.21889550608126385
873 -0.23421275391329152
874 -0.2526894287635564
875 -0.27344871863092757
876 -0.2953595005008812
877 -0.3171176928257924
878 -0.3373812661999466
879 -0.3549476716649874
880 -0.3689449214552953
881 -0.3789915634571805
882 -0.3852737477054465
883 -0.3884971570893125
884 -0.3897018581049025
885 -0.3899753107752923
886 -0.3901486180950916
887 -0.39059094395375255
888 -0.3912039638658903
889 -0.391651776991904
890 -0.39175572281302656
891 -0.3918790191382573
892 -0.3930790269213427
893 -0.3968596478829273
894 -0.4045157598546045
895 -0.4162713906944922
896 -0.43057569319415884
897 -0.4439382978170646
898 -0.4515168733799402
899 -0.44836499234704386
900 -0.4309389454609217
901 -0.39830067904650374
902 -0.35253424726166127
903 -0.29819372996357585
904 -0.24098869922774474
905 -0.18621009230434732
906 -0.1374714271549014
907 -0.09616660952072265
908 -0.0617223898122365
909 -0.03240815433253408
910 -0.006293992695052701
911 0.018028145691170713
912 0.04116985948624079
913 0.06310386672046
914 0.08357058553059207
915 0.10249466775150337
916 0.12022566164336872
917 0.13753095823414635
918 0.15538314681110535
919 0.17465361368718935
920 0.19583529798793484
921 0.21888224163029402
922 0.24319771151767994
923 0.26775133454300826
924 0.29127428532519056
925 0.31247369782033346
926 0.3302179081946838
927 0.3436638288044922
928 0.3523181924989702
929 0.35604005049746906
930 0.3550006488701216
931 0.349619174860521
932 0.34049076547630674
933 0.32831879933460095
934 0.3138586365781656
935 0.29787575114328174
936 0.28111810138113846
937 0.26430064002064757
938 0.24809885335615386
939 0.2331478405405112
940 0.2200434230961827
941 0.20934192534441604
942 0.20155551203010533
943 0.19714034630768248
944 0.1964754758857644
945 0.19983147424641634
946 0.20732967770638544
947 0.21889550608126432
948 0.2342127539132921
949 0.2526894287635563
950 0.27344871863092834
951 0.2953595005008818
952 0.3171176928257929
953 0.3373812661999471
954 0.35494767166498775
955 0.36894492145529545
956 0.37899156345718116
957 0.3852737477054472
958 0.38849715708931276
959 0.38970185810490277
960 0.3899753107752926
961 0.390148618095092
962 0.39059094395375293
963 0.3912039638658907
964 0.39165177699190434
965 0.39175572281302684
966 0.3918790191382576
967 0.39307902692134283
968 0.39685964788292716
969 0.40451575985460503
970 0.4162713906944928
971 0.43057569319415895
972 0.44393829781706506
973 0.4515168733799395
974 0.44836499234704547
975 0.43093894546092393
976 0.39830067904650324
977 0.35253424726166055
978 0.29819372996357685
979 0.24098869922774535
980 0.18621009230434804
981 0.13747142715490235
982 0.0961666095207227
983 0.061722389812236475
984 0.032408154332534495
985 0.006293992695052639
986 -0.018028145691170512
987 -0.041169859486240794
988 -0.06310386672045991
989 -0.08357058553059207
990 -0.10249466775150334
991 -0.12022566164336873
992 -0.1375309582341465
993 -0.15538314681110563
994 -0.1746536136871899
995 -0.19583529798793556
996 -0.21888224163029413
997 -0.24319771151768005
998 -0.2677513345430086
999 -0.2912742853251908
1000 -0.31247369782033385
1001 -0.3302179081946844
1002 -0.3436638288044922
1003 -0.35231819249896995
1004 -0.3560400504974684
1005 -0.35500064887012067
1006 -0.34961917486051974
1007 -0.34049076547630636
1008 -0.32831879933460056
1009 -0.31385863657816476
1010 -0.29787575114328096
1011 -0.2811181013811379
1012 -0.26430064002064707
1013 -0.24809885335615336
1014 -0.23314784054051066
1015 -0.22004342309618205
1016 -0.20934192534441584
1017 -0.20155551203010516
1018 -0.19714034630768196
1019 -0.19647547588576364
1020 -0.1998314742464164
1021 -0.2073296777063856
1022 -0.21889550608126374
1023 -0.23421275391329138
1024 -0.25268942876355627
1025 -0.27344871863092735
1026 -0.2953595005008811
1027 -0.31711769282579216
1028 -0.33738126619994646
1029 -0.35494767166498736
1030 -0.3689449214552953
1031 -0.3789915634571805
1032 -0.38527374770544653
1033 -0.3884971570893125
1034 -0.38970185810490254
1035 -0.3899753107752923
1036 -0.3901486180950917
1037 -0.3905909439537526
1038 -0.3912039638658904
1039 -0.391651776991904
1040 -0.3917557228130267
1041 -0.39187901913825735
1042 -0.3930790269213428
1043 -0.3968596478829274
1044 -0.4045157598546045
1045 -0.41627139069449215
1046 -0.4305756931941588
1047 -0.4439382978170645
1048 -0.4515168733799401
1049 -0.4483649923470438
1050 -0.4309389454609218
1051 -0.39830067904650385
1052 -0.3525342472616616
1053 -0.2981937299635761
1054 -0.24098869922774505
1055 -0.18621009230434762
1056 -0.13747142715490163
1057 -0.09616660952072284
1058 -0.06172238981223663
1059 -0.03240815433253422
1060 -0.006293992695052819
1061 0.018028145691170602
1062 0.04116985948624069
1063 0.06310386672045992
1064 0.08357058553059199
1065 0.10249466775150329
1066 0.12022566164336865
1067 0.1375309582341463
1068 0.1553831468111053
1069 0.1746536136871893
1070 0.19583529798793473
1071 0.2188822416302939
1072 0.24319771151767983
1073 0.26775133454300815
1074 0.2912742853251905
1075 0.31247369782033335
1076 0.3302179081946838
1077 0.34366382880449214
1078 0.3523181924989702
1079 0.3560400504974691
1080 0.35500064887012167
1081 0.34961917486052113
1082 0.34049076547630686
1083 0.3283187993346012
1084 0.31385863657816576
1085 0.297875751143282
1086 0.28111810138113863
1087 0.2643006400206478
1088 0.24809885335615403
1089 0.23314784054051135
1090 0.2200434230961825
1091 0.2093419253444161
1092 0.20155551203010516
1093 0.19714034630768248
1094 0.19647547588576428
1095 0.19983147424641629
1096 0.20732967770638536
1097 0.21889550608126424
1098 0.234212753913292
1099 0.25268942876355616
1100 0.2734487186309281
1101 0.29535950050088156
1102 0.31711769282579266
1103 0.33738126619994696
1104 0.3549476716649876
1105 0.3689449214552953
1106 0.37899156345718105
1107 0.3852737477054471
1108 0.38849715708931265
1109 0.38970185810490265
1110 0.3899753107752925
1111 0.3901486180950918
1112 0.39059094395375277
1113 0.3912039638658905
1114 0.39165177699190423
1115 0.3917557228130268
1116 0.3918790191382575
1117 0.3930790269213427
1118 0.396859647882927
1119 0.40451575985460486
1120 0.4162713906944927
1121 0.4305756931941588
1122 0.44393829781706495
1123 0.4515168733799395
1124 0.44836499234704547
1125 0.4309389454609241
1126 0.3983006790465034
1127 0.3525342472616608
1128 0.2981937299635771
1129 0.24098869922774563
1130 0.18621009230434832
1131 0.13747142715490257
1132 0.0961666095207229
1133 0.06172238981223664
1134 0.03240815433253463
1135 0.0062939926950527705
1136 -0.018028145691170387
1137 -0.041169859486240676
1138 -0.06310386672045981
1139 -0.08357058553059198
1140 -0.10249466775150326
1141 -0.12022566164336862
1142 -0.1375309582341464
1143 -0.15538314681110552
1144 -0.17465361368718907
1145 -0.19583529798793523
1146 -0.2188822416302935
1147 -0.24319771151767966
1148 -0.2677513345430081
1149 -0.29127428532519034
1150 -0.3124736978203334
1151 -0.330217908194684
1152 -0.34366382880449187
1153 -0.3523181924989697
1154 -0.3560400504974682
1155 -0.3550006488701205
1156 -0.3496191748605196
1157 -0.3404907654763063
1158 -0.3283187993346005
1159 -0.3138586365781649
1160 -0.29787575114328096
1161 -0.281118101381138
1162 -0.26430064002064707
1163 -0.24809885335615342
1164 -0.23314784054051066
1165 -0.22004342309618208
1166 -0.20934192534441579
1167 -0.20155551203010516
1168 -0.19714034630768187
1169 -0.1964754758857635
1170 -0.1998314742464162
1171 -0.20732967770638544
1172 -0.21889550608126354
1173 -0.2342127539132912
1174 -0.25268942876355605
1175 -0.2734487186309272
1176 -0.2953595005008809
1177 -0.317117692825792
1178 -0.3373812661999463
1179 -0.35494767166498714
1180 -0.3689449214552951
1181 -0.3789915634571803
1182 -0.38527374770544637
1183 -0.38849715708931243
1184 -0.38970185810490243
1185 -0.38997531077529224
1186 -0.3901486180950916
1187 -0.3905909439537525
1188 -0.3912039638658903
1189 -0.3916517769919039
1190 -0.39175572281302656
1191 -0.39187901913825723
1192 -0.39307902692134267
1193 -0.39685964788292716
1194 -0.4045157598546043
1195 -0.4162713906944919
1196 -0.4305756931941586
1197 -0.4439382978170644
1198 -0.45151687337994006
1199 -0.4483649923470439
1200 -0.430938945460922
1201 -0.3983006790465041
1202 -0.3525342472616619
1203 -0.29819372996357646
1204 -0.24098869922774532
1205 -0.18621009230434793
1206 -0.1374714271549019
1207 -0.09616660952072303
1208 -0.061722389812236836
1209 -0.032408154332534356
1210 -0.006293992695052958
1211 0.01802814569117047
1212 0.04116985948624056
1213 0.0631038667204598
1214 0.08357058553059188
1215 0.1024946677515032
1216 0.12022566164336856
1217 0.13753095823414624
1218 0.15538314681110518
1219 0.1746536136871892
1220 0.19583529798793461
1221 0.2188822416302938
1222 0.24319771151767972
1223 0.26775133454300803
1224 0.29127428532519034
1225 0.31247369782033324
1226 0.33021790819468366
1227 0.3436638288044921
1228 0.352318192498969
1229 0.3560400504974688
1230 0.3550006488701209
1231 0.3496191748605207
1232 0.34049076547630625
1233 0.32831879933460073
1234 0.31385863657816526
1235 0.2978757511432816
1236 0.2811181013811382
1237 0.2643006400206474
1238 0.24809885335615364
1239 0.23314784054051102
1240 0.2200434230961822
1241 0.20934192534441579
1242 0.20155551203010488
1243 0.1971403463076822
1244 0.19647547588576392
1245 0.19983147424641595
1246 0.207329677706385
1247 0.21889550608126382
1248 0.2342127539132916
1249 0.25268942876355577
1250 0.27344871863092773
1251 0.29535950050088117
1252 0.3171176928257923
1253 0.3373812661999466
1254 0.3549476716649872
1255 0.36894492145529495
1256 0.37899156345718077
1257 0.3852737477054468
1258 0.38849715708931243
1259 0.3897018581049025
1260 0.38997531077529235
1261 0.3901486180950917
1262 0.3905909439537527
1263 0.3912039638658904
1264 0.3916517769919041
1265 0.3917557228130266
1266 0.3918790191382574
1267 0.3930790269213426
1268 0.3968596478829268
1269 0.40451575985460475
1270 0.4162713906944925
1271 0.4305756931941586
1272 0.44393829781706484
1273 0.4515168733799394
1274 0.4483649923470454
1275 0.4309389454609241
1276 0.3983006790465035
1277 0.35253424726166105
1278 0.2981937299635774
1279 0.2409886992277459
1280 0.18621009230434854
1281 0.13747142715490276
1282 0.09616660952072303
1283 0.061722389812236746
1284 0.03240815433253472
1285 0.006293992695052826
1286 -0.018028145691170318
1287 -0.04116985948624063
1288 -0.06310386672045974
1289 -0.08357058553059192
1290 -0.1024946677515032
1291 -0.12022566164336856
1292 -0.13753095823414635
1293 -0.15538314681110496
1294 -0.17465361368718887
1295 -0.19583529798793478
1296 -0.21888224163029318
1297 -0.24319771151767927
1298 -0.26775133454300776
1299 -0.29127428532519006
1300 -0.3124736978203332
1301 -0.33021790819468383
1302 -0.3436638288044917
1303 -0.3523181924989695
1304 -0.35604005049746806
1305 -0.3550006488701216
1306 -0.3496191748605199
1307 -0.34049076547630597
1308 -0.3283187993346006
1309 -0.3138586365781647
1310 -0.2978757511432817
1311 -0.28111810138113813
1312 -0.2643006400206473
1313 -0.2480988533561537
1314 -0.23314784054051088
1315 -0.2200434230961823
1316 -0.2093419253444155
1317 -0.20155551203010522
1318 -0.19714034630768248
1319 -0.19647547588576372
1320 -0.19983147424641665
1321 -0.2073296777063845
1322 -0.2188955060812635
1323 -0.23421275391329177
1324 -0.25268942876355505
1325 -0.2734487186309272
1326 -0.2953595005008803
1327 -0.31711769282579155
1328 -0.3373812661999458
1329 -0.3549476716649863
1330 -0.3689449214552946
1331 -0.3789915634571797
1332 -0.3852737477054468
1333 -0.38849715708931215
1334 -0.38970185810490215
1335 -0.38997531077529224
1336 -0.3901486180950914
1337 -0.3905909439537525
1338 -0.3912039638658902
1339 -0.39165177699190395
1340 -0.39175572281302645
1341 -0.39187901913825723
1342 -0.3930790269213426
1343 -0.3968596478829263
1344 -0.404515759854604
1345 -0.4162713906944925
1346 -0.43057569319415856
1347 -0.4439382978170649
1348 -0.45151687337994023
1349 -0.4483649923470473
1350 -0.4309389454609232
1351 -0.3983006790465023
1352 -0.35253424726166227
1353 -0.29819372996357557
1354 -0.24098869922774693
1355 -0.18621009230434793
1356 -0.13747142715490362
1357 -0.09616660952072353
1358 -0.06172238981223798
1359 -0.03240815433253577
1360 -0.006293992695053707
1361 0.018028145691169402
1362 0.04116985948623986
1363 0.06310386672045894
1364 0.0835705855305912
1365 0.10249466775150254
1366 0.12022566164336794
1367 0.13753095823414582
1368 0.15538314681110466
1369 0.1746536136871888
1370 0.195835297987935
1371 0.2188822416302928
1372 0.24319771151767958
1373 0.2677513345430078
1374 0.2912742853251902
1375 0.3124736978203331
1376 0.33021790819468416
1377 0.3436638288044922
1378 0.3523181924989694
1379 0.35604005049746895
1380 0.3550006488701213
1381 0.34961917486051974
1382 0.34049076547630736
1383 0.3283187993346005
1384 0.31385863657816504
1385 0.29787575114328135
1386 0.2811181013811381
1387 0.2643006400206475
1388 0.24809885335615361
1389 0.23314784054051108
1390 0.2200434230961821
1391 0.2093419253444158
1392 0.20155551203010552
1393 0.19714034630768157
1394 0.19647547588576414
1395 0.19983147424641676
1396 0.20732967770638527
1397 0.21889550608126435
1398 0.23421275391329063
1399 0.2526894287635557
1400 0.2734487186309272
1401 0.2953595005008804
1402 0.3171176928257917
1403 0.33738126619994585
1404 0.3549476716649871
1405 0.36894492145529456
1406 0.3789915634571797
1407 0.3852737477054463
1408 0.3884971570893117
1409 0.38970185810490254
1410 0.389975310775292
1411 0.3901486180950916
1412 0.3905909439537523
1413 0.39120396386589024
1414 0.3916517769919038
1415 0.3917557228130265
1416 0.3918790191382572
1417 0.39307902692134283
1418 0.39685964788292677
1419 0.4045157598546048
1420 0.41627139069449365
1421 0.43057569319415895
1422 0.4439382978170656
1423 0.45151687337994145
1424 0.44836499234704663
1425 0.4309389454609218
1426 0.3983006790465083
1427 0.3525342472616612
1428 0.2981937299635774
1429 0.24098869922774607
1430 0.1862100923043486
1431 0.13747142715490368
1432 0.09616660952072333
1433 0.061722389812237356
1434 0.03240815433253427
1435 0.006293992695053041
1436 -0.01802814569117048
1437 -0.04116985948624046
1438 -0.0631038667204598
1439 -0.0835705855305918
1440 -0.10249466775150319
1441 -0.12022566164336851
1442 -0.13753095823414652
1443 -0.15538314681110496
1444 -0.1746536136871889
1445 -0.19583529798793392
1446 -0.21888224163029296
1447 -0.24319771151767935
1448 -0.2677513345430072
1449 -0.29127428532518995
1450 -0.3124736978203325
1451 -0.33021790819468355
1452 -0.34366382880449126
1453 -0.35231819249896823
1454 -0.35604005049746745
1455 -0.3550006488701207
1456 -0.34961917486052047
1457 -0.3404907654763067
1458 -0.3283187993346003
1459 -0.3138586365781659
1460 -0.2978757511432812
1461 -0.28111810138113824
1462 -0.2643006400206473
1463 -0.24809885335615364
1464 -0.23314784054051094
1465 -0.22004342309618224
1466 -0.209341925344416
1467 -0.20155551203010472
1468 -0.19714034630768182
1469 -0.19647547588576414
1470 -0.19983147424641523
1471 -0.20732967770638547
1472 -0.21889550608126412
1473 -0.2342127539132913
1474 -0.2526894287635564
1475 -0.2734487186309282
1476 -0.2953595005008814
1477 -0.3171176928257928
1478 -0.3373812661999469
1479 -0.35494767166498786
1480 -0.36894492145529506
1481 -0.37899156345718166
1482 -0.3852737477054468
1483 -0.3884971570893127
1484 -0.3897018581049028
1485 -0.38997531077529257
1486 -0.390148618095092
1487 -0.39059094395375277
1488 -0.3912039638658906
1489 -0.39165177699190423
1490 -0.39175572281302684
1491 -0.39187901913825757
1492 -0.39307902692134256
1493 -0.3968596478829273
1494 -0.40451575985460536
1495 -0.4162713906944923
1496 -0.43057569319415934
1497 -0.44393829781706484
1498 -0.45151687337994073
1499 -0.4483649923470445
1500 -0.4309389454609269
1501 -0.39830067904650635
1502 -0.35253424726166177
1503 -0.29819372996358096
1504 -0.2409886992277467
1505 -0.18621009230435084
1506 -0.13747142715490354
1507 -0.0961666095207252
1508 -0.06172238981223838
1509 -0.03240815433253606
1510 -0.00629399269505438
1511 0.018028145691169076
1512 0.04116985948623929
1513 0.06310386672045862
1514 0.0835705855305908
1515 0.10249466775150215
1516 0.12022566164336759
1517 0.1375309582341453
1518 0.15538314681110427
1519 0.1746536136871883
1520 0.19583529798793375
1521 0.21888224163029296
1522 0.24319771151767822
1523 0.26775133454300704
1524 0.2912742853251892
1525 0.31247369782033263
1526 0.33021790819468283
1527 0.34366382880449065
1528 0.35231819249896923
1529 0.356040050497468
1530 0.3550006488701197
1531 0.3496191748605212
1532 0.34049076547630586
1533 0.32831879933460295
1534 0.31385863657816576
1535 0.2978757511432831
1536 0.2811181013811395
1537 0.26430064002064835
1538 0.2480988533561547
1539 0.2331478405405119
1540 0.22004342309618305
1541 0.20934192534441706
1542 0.20155551203010513
1543 0.19714034630768293
1544 0.19647547588576225
1545 0.1998314742464158
1546 0.20732967770638389
1547 0.2188955060812621
1548 0.23421275391329158
1549 0.2526894287635558
1550 0.2734487186309277
1551 0.29535950050088056
1552 0.3171176928257924
1553 0.33738126619994635
1554 0.35494767166498725
1555 0.36894492145529484
1556 0.37899156345718077
1557 0.38527374770544687
1558 0.3884971570893132
1559 0.3897018581049024
1560 0.3899753107752926
1561 0.3901486180950917
1562 0.39059094395375277
1563 0.3912039638658905
1564 0.3916517769919043
1565 0.39175572281302673
1566 0.3918790191382575
1567 0.39307902692134267
1568 0.3968596478829285
1569 0.40451575985460403
1570 0.41627139069449437
1571 0.4305756931941595
1572 0.4439382978170662
1573 0.45151687337994195
1574 0.4483649923470442
1575 0.4309389454609296
1576 0.39830067904650474
1577 0.352534247261665
1578 0.2981937299635795
1579 0.2409886992277459
1580 0.18621009230435004
1581 0.13747142715490396
1582 0.09616660952072544
1583 0.061722389812238126
1584 0.03240815433253573
1585 0.006293992695054304
1586 -0.01802814569116932
1587 -0.041169859486239434
1588 -0.06310386672045878
1589 -0.08357058553059091
1590 -0.10249466775150218
1591 -0.12022566164336765
1592 -0.13753095823414566
1593 -0.15538314681110466
1594 -0.1746536136871883
1595 -0.1958352979879335
1596 -0.21888224163029324
1597 -0.24319771151767774
1598 -0.2677513345430073
1599 -0.29127428532518895
1600 -0.3124736978203326
1601 -0.3302179081946817
1602 -0.34366382880449164
1603 -0.35231819249896723
1604 -0.3560400504974674
1605 -0.3550006488701202
1606 -0.34961917486052035
1607 -0.34049076547630525
1608 -0.3283187993346018
1609 -0.3138586365781646
1610 -0.29787575114328174
1611 -0.28111810138113813
1612 -0.264300640020647
1613 -0.2480988533561536
1614 -0.23314784054051074
1615 -0.22004342309618216
1616 -0.20934192534441537
1617 -0.20155551203010447
1618 -0.19714034630768218
1619 -0.19647547588576214
1620 -0.19983147424641584
1621 -0.20732967770638439
1622 -0.21889550608126288
1623 -0.2342127539132927
1624 -0.2526894287635549
1625 -0.2734487186309285
1626 -0.29535950050088056
1627 -0.31711769282579244
1628 -0.33738126619994635
1629 -0.3549476716649871
1630 -0.36894492145529595
1631 -0.37899156345718066
1632 -0.38527374770544703
1633 -0.3884971570893129
1634 -0.3897018581049021
1635 -0.3899753107752927
1636 -0.3901486180950915
1637 -0.39059094395375277
1638 -0.3912039638658903
1639 -0.3916517769919041
1640 -0.39175572281302656
1641 -0.3918790191382573
1642 -0.3930790269213426
1643 -0.3968596478829271
1644 -0.40451575985460414
1645 -0.4162713906944942
1646 -0.43057569319415834
1647 -0.4439382978170657
1648 -0.45151687337994045
1649 -0.4483649923470481
1650 -0.4309389454609279
1651 -0.39830067904650446
1652 -0.35253424726167004
1653 -0.29819372996357946
1654 -0.24098869922775132
1655 -0.18621009230435154
1656 -0.13747142715490807
1657 -0.09616660952072573
1658 -0.061722389812241235
1659 -0.03240815433253723
1660 -0.00629399269505608
1661 0.01802814569116785
1662 0.041169859486237956
1663 0.06310386672045748
1664 0.08357058553058963
1665 0.10249466775150115
1666 0.1202256616433666
1667 0.13753095823414482
1668 0.15538314681110305
1669 0.17465361368718763
1670 0.19583529798793278
1671 0.21888224163029138
1672 0.24319771151767713
1673 0.26775133454300626
1674 0.2912742853251884
1675 0.31247369782033163
1676 0.3302179081946808
1677 0.3436638288044903
1678 0.3523181924989658
1679 0.35604005049746806
1680 0.35500064887011884
1681 0.34961917486051974
1682 0.340490765476306
1683 0.3283187993346012
1684 0.31385863657816454
1685 0.2978757511432811
1686 0.2811181013811377
1687 0.2643006400206464
1688 0.24809885335615303
1689 0.23314784054051027
1690 0.22004342309618125
1691 0.20934192534441504
1692 0.20155551203010405
1693 0.1971403463076806
1694 0.19647547588576186
1695 0.19983147424641537
1696 0.20732967770638466
1697 0.21889550608126326
1698 0.23421275391329358
1699 0.25268942876355593
1700 0.27344871863092984
1701 0.2953595005008806
1702 0.31711769282579333
1703 0.3373812661999466
1704 0.3549476716649883
1705 0.36894492145529606
1706 0.378991563457181
1707 0.3852737477054468
1708 0.38849715708931265
1709 0.38970185810490166
1710 0.38997531077529224
1711 0.3901486180950911
1712 0.39059094395375227
1713 0.39120396386588996
1714 0.39165177699190373
1715 0.39175572281302634
1716 0.39187901913825707
1717 0.39307902692134267
1718 0.3968596478829274
1719 0.4045157598546048
1720 0.41627139069449515
1721 0.4305756931941594
1722 0.44393829781706645
1723 0.4515168733799436
1724 0.44836499234704796
1725 0.43093894546092787
1726 0.3983006790465111
1727 0.35253424726167004
1728 0.298193729963582
1729 0.2409886992277513
1730 0.18621009230435293
1731 0.13747142715490884
1732 0.09616660952072736
1733 0.061722389812242734
1734 0.03240815433253746
1735 0.006293992695057211
1736 -0.01802814569116736
1737 -0.041169859486237026
1738 -0.06310386672045684
1739 -0.08357058553058885
1740 -0.10249466775150047
1741 -0.12022566164336591
1742 -0.1375309582341443
1743 -0.1553831468111027
1744 -0.17465361368718757
1745 -0.19583529798793126
1746 -0.21888224163029127
1747 -0.2431977115176765
1748 -0.2677513345430053
1749 -0.2912742853251875
1750 -0.31247369782033063
1751 -0.33021790819468094
1752 -0.3436638288044893
1753 -0.35231819249896507
1754 -0.3560400504974666
1755 -0.3550006488701174
1756 -0.3496191748605203
1757 -0.34049076547630475
1758 -0.3283187993346007
1759 -0.3138586365781648
1760 -0.29787575114328185
1761 -0.28111810138113785
1762 -0.2643006400206473
1763 -0.24809885335615342
1764 -0.233147840540511
1765 -0.22004342309618183
1766 -0.2093419253444158
1767 -0.2015555120301037
1768 -0.19714034630768137
1769 -0.19647547588576236
1770 -0.19983147424641437
1771 -0.20732967770638527
1772 -0.21889550608126346
1773 -0.23421275391329208
1774 -0.25268942876355616
1775 -0.27344871863092945
1776 -0.29535950050088094
1777 -0.3171176928257934
1778 -0.3373812661999469
1779 -0.35494767166498825
1780 -0.3689449214552959
1781 -0.3789915634571822
1782 -0.3852737477054467
1783 -0.388497157089313
1784 -0.3897018581049024
1785 -0.38997531077529257
1786 -0.3901486180950916
1787 -0.3905909439537526
1788 -0.3912039638658903
1789 -0.39165177699190407
1790 -0.39175572281302656
1791 -0.39187901913825735
1792 -0.39307902692134233
1793 -0.3968596478829278
1794 -0.40451575985460525
1795 -0.4162713906944937
1796 -0.4305756931941596
1797 -0.44393829781706556
1798 -0.45151687337994273
1799 -0.44836499234704574
1800 -0.4309389454609328
1801 -0.39830067904650907
1802 -0.35253424726167043
1803 -0.2981937299635854
1804 -0.24098869922775182
1805 -0.18621009230435506
1806 -0.13747142715490862
1807 -0.09616660952072918
1808 -0.061722389812243705
1809 -0.03240815433253922
1810 -0.006293992695058488
1811 0.018028145691166
1812 0.041169859486235874
1813 0.0631038667204557
1814 0.0835705855305879
1815 0.10249466775149949
1816 0.12022566164336508
1817 0.13753095823414313
1818 0.1553831468111021
1819 0.17465361368718704
1820 0.19583529798793115
1821 0.21888224163029135
1822 0.24319771151767539
1823 0.2677513345430052
1824 0.2912742853251869
1825 0.31247369782033085
1826 0.33021790819468033
1827 0.34366382880448887
1828 0.3523181924989662
1829 0.35604005049746607
1830 0.35500064887011723
1831 0.34961917486051935
1832 0.3404907654763038
1833 0.3283187993346013
1834 0.3138586365781641
1835 0.29787575114328163
1836 0.2811181013811381
1837 0.26430064002064707
1838 0.24809885335615345
1839 0.23314784054051077
1840 0.22004342309618194
1841 0.20934192534441604
1842 0.20155551203010408
1843 0.19714034630768199
1844 0.19647547588576128
1845 0.1998314742464149
1846 0.20732967770638291
1847 0.21889550608126115
1848 0.23421275391329058
1849 0.2526894287635548
1850 0.27344871863092673
1851 0.2953595005008796
1852 0.3171176928257915
1853 0.3373812661999456
1854 0.35494767166498653
1855 0.3689449214552957
1856 0.3789915634571807
1857 0.3852737477054474
1858 0.38849715708931337
1859 0.3897018581049027
1860 0.3899753107752928
1861 0.39014861809509194
1862 0.3905909439537529
1863 0.3912039638658906
1864 0.39165177699190434
1865 0.3917557228130269
1866 0.3918790191382576
1867 0.3930790269213428
1868 0.39685964788292694
1869 0.40451575985460353
1870 0.4162713906944932
1871 0.4305756931941588
1872 0.4439382978170653
1873 0.4515168733799414
1874 0.44836499234704374
1875 0.43093894546092937
1876 0.3983006790465047
1877 0.3525342472616651
1878 0.2981937299635797
1879 0.24098869922774613
1880 0.1862100923043502
1881 0.13747142715490412
1882 0.09616660952072548
1883 0.06172238981223815
1884 0.032408154332535716
1885 0.006293992695054276
1886 -0.018028145691169343
1887 -0.04116985948623945
1888 -0.0631038667204588
1889 -0.08357058553059094
1890 -0.10249466775150219
1891 -0.12022566164336768
1892 -0.13753095823414563
1893 -0.15538314681110466
1894 -0.1746536136871882
1895 -0.19583529798793348
1896 -0.21888224163029318
1897 -0.2431977115176777
1898 -0.26775133454300726
1899 -0.29127428532518895
1900 -0.3124736978203325
1901 -0.3302179081946818
1902 -0.3436638288044917
1903 -0.35231819249896734
1904 -0.35604005049746756
1905 -0.35500064887012034
1906 -0.34961917486052063
1907 -0.34049076547630563
1908 -0.3283187993346021
1909 -0.31385863657816504
1910 -0.2978757511432822
1911 -0.2811181013811386
1912 -0.2643006400206475
1913 -0.248098853356154
1914 -0.2331478405405112
1915 -0.22004342309618252
1916 -0.20934192534441576
1917 -0.2015555120301047
1918 -0.19714034630768237
1919 -0.19647547588576222
1920 -0.19983147424641595
1921 -0.2073296777063844
1922 -0.2188955060812629
1923 -0.23421275391329263
1924 -0.25268942876355477
1925 -0.2734487186309284
1926 -0.29535950050088045
1927 -0.3171176928257923
1928 -0.33738126619994624
1929 -0.3549476716649869
1930 -0.36894492145529584
1931 -0.37899156345718055
1932 -0.3852737477054471
1933 -0.3884971570893129
1934 -0.38970185810490215
1935 -0.3899753107752927
1936 -0.3901486180950916
1937 -0.3905909439537528
1938 -0.3912039638658904
1939 -0.39165177699190423
1940 -0.3917557228130267
1941 -0.39187901913825746
1942 -0.3930790269213428
1943 -0.3968596478829272
1944 -0.4045157598546042
1945 -0.41627139069449415
1946 -0.4305756931941582
1947 -0.4439382978170656
1948 -0.45151687337994045
1949 -0.4483649923470482
1950 -0.4309389454609282
1951 -0.3983006790465049
1952 -0.35253424726167065
1953 -0.29819372996358007
1954 -0.24098869922775193
1955 -0.1862100923043521
1956 -0.13747142715490857
1957 -0.09616660952072612
1958 -0.061722389812241554
1959 -0.03240815433253749
1960 -0.006293992695056323
1961 0.018028145691167632
1962 0.04116985948623775
1963 0.0631038667204572
1964 0.08357058553058941
1965 0.10249466775150087
1966 0.12022566164336637
1967 0.13753095823414457
1968 0.15538314681110282
1969 0.17465361368718735
1970 0.1958352979879325
1971 0.21888224163029105
1972 0.2431977115176768
1973 0.26775133454300587
1974 0.291274285325188
1975 0.3124736978203313
1976 0.3302179081946818
1977 0.34366382880449053
1978 0.3523181924989665
1979 0.3560400504974685
1980 0.3550006488701196
1981 0.3496191748605204
1982 0.3404907654763068
1983 0.32831879933460184
1984 0.31385863657816526
1985 0.2978757511432817
1986 0.2811181013811383
1987 0.26430064002064696
1988 0.24809885335615367
1989 0.23314784054051077
1990 0.22004342309618177
1991 0.20934192534441548
1992 0.2015555120301044
1993 0.19714034630768087
1994 0.19647547588576209
1995 0.1998314742464156
1996 0.20732967770638477
1997 0.21889550608126335
1998 0.23421275391329355
1999 0.25268942876355593
