0 0.0
1 0.0
2 0.2551932372884513
3 0.5420274876147813
4 0.915623869840758
5 1.249931207942313
6 1.5542018850176367
7 1.7842280303542357
8 1.9638940334860666
9 2.097790311494065
10 2.212292388460355
11 2.3159742644266155
12 2.4175458263634093
13 2.5142085211638454
14 2.6041651503942953
15 2.685386378417093
16 2.76146410375733
17 2.8393356490797945
18 2.9285637805267406
19 3.037371470639597
20 3.170442967459073
21 3.326950612837475
22 3.5006695666849943
23 3.6809979988032633
24 3.855003720168777
25 4.009506030302304
26 4.132966317726649
27 4.2167358900382395
28 4.255683547055571
29 4.248209552790436
30 4.195850176285463
31 4.102630283569929
32 3.9743454278030352
33 3.817882446236832
34 3.640657365472881
35 3.450195483074674
36 3.2538550051186763
37 3.0586713805837755
38 2.8712924224591037
39 2.6979685603007617
40 2.544563610769059
41 2.41655216032372
42 2.3189726202492618
43 2.2563084571890197
44 2.2322767570602275
45 2.2495143383922596
46 2.309169854763842
47 2.410436741679498
48 2.550095890012976
49 2.722173801419702
50 2.917852050972559
51 3.1257721726782806
52 3.3328489973567326
53 3.52562058333079
54 3.6920223345085565
55 3.8232976527093494
56 3.9155975367339337
57 3.9707511105969395
58 3.995784802253141
59 4.00107073058251
60 3.9974566914289773
61 3.9932285457738237
62 3.9920542991900305
63 3.992928515448399
64 3.992471348747392
65 3.9888766278524694
66 3.9857581585962456
67 3.993672299210851
68 4.027641868156706
69 4.100600433342736
70 4.214773990980401
71 4.354640658030249
72 4.485284146418532
73 4.558269319926962
74 4.524120800257454
75 4.347391069321866
76 4.018689800951033
77 3.558848344589981
78 3.0133988675193675
79 2.439428985826547
80 1.8898404618383673
81 1.4007613293169499
82 0.986123935814548
83 0.6401894849653194
84 0.3456459237426217
85 0.08318859318148214
86 -0.16126822879205216
87 -0.3938454266879384
88 -0.6142747798804665
89 -0.8199647882039989
90 -1.0101660249899767
91 -1.188377780415017
92 -1.362277540020831
93 -1.5415945538036633
94 -1.7350458371872952
95 -1.947563741389536
96 -2.1786914649452336
97 -2.4224642866756
98 -2.6685809260650997
99 -2.9043554303416914
100 -3.11686129971128
101 -3.294783924653091
102 -3.4296943337615593
103 -3.516661644328433
104 -3.554278048206287
105 -3.544257583273936
106 -3.4907936029159807
107 -3.3998388677999354
108 -3.2784284698435333
109 -3.1341172365530303
110 -2.974561058562741
111 -2.8072406004131856
112 -2.6393064044649686
113 -2.477514286800167
114 -2.328216133931796
115 -2.1973710014630075
116 -2.0905429217105254
117 -2.0128542830816727
118 -1.9688674128708263
119 -1.9623734414642158
120 -1.9960787171225394
121 -2.071197179025319
122 -2.186983566196109
123 -2.340276331924845
124 -2.525156028703228
125 -2.7328549843047387
126 -2.95206238904805
127 -3.1697378222669714
128 -3.372461360625723
129 -3.54820786264318
130 -3.6882577775266965
131 -3.7887968910599135
132 -3.851686991785141
133 -3.883985179205189
134 -3.8960923723810454
135 -3.8988834101397667
136 -3.900669546466182
137 -3.905142630624211
138 -3.911319615294068
139 -3.915841677561601
140 -3.9169223864041336
141 -3.91819408345027
142 -3.9302305317980566
143 -3.968070892845282
144 -4.044664080301633
145 -4.162250499881215
146 -4.305321798875831
147 -4.438974394012695
148 -4.514785078712559
149 -4.483289676449632
150 -4.309051187450878
151 -3.982689162105044
152 -3.5250442238135893
153 -2.9816572479788617
154 -2.409624027498559
155 -1.861854002615668
156 -1.3744824165533476
157 -0.9614483864518468
158 -0.6170194724983475
159 -0.3238895903849092
160 -0.06275968569398555
161 0.18045070105292854
162 0.4118575128586992
163 0.6311878890882205
164 0.8358459726687817
165 1.0250782458540642
166 1.2023801573531134
167 1.3754255856207127
168 1.553940393646486
169 1.7466384165000715
170 1.9584490190890624
171 2.188912595842757
172 2.4320617925645727
173 2.6775928563703055
174 2.9128175129666367
175 3.1248070826818877
176 3.3022449091192407
177 3.4367000988837697
178 3.5232399645447843
179 3.560455003344517
180 3.5500576619452158
181 3.496239799600303
182 3.404952774008
183 3.283230359716546
184 3.138626147239774
185 2.9787948656925716
186 2.8112160889641813
187 2.6430393353081656
188 2.481019459183724
189 2.331507444152782
190 2.200461497959437
191 2.0934448567920456
192 2.015579161503986
193 1.9714260374464339
194 1.964775955890285
195 1.998334646195723
196 2.073315466402916
197 2.1889726098532964
198 2.342144017448559
199 2.5269097605546564
200 2.734501715174395
201 2.953608647419805
202 3.171189738300292
203 3.3738246904587723
204 3.5494880112130867
205 3.689459819997498
206 3.789925592943099
207 3.852746827832579
208 3.8849803511493333
209 3.897026825592752
210 3.899760849269765
211 3.901493450132205
212 3.905916265202017
213 3.9120460478670243
214 3.9165237880801715
215 3.9175628791034773
216 3.9187954975712156
217 3.930795251653947
218 3.968601157274616
219 4.0451619915439645
220 4.162718031911518
221 4.305760805230322
222 4.4393866151372245
223 4.515172148862612
224 4.483653130169366
225 4.309392465656826
226 3.9830096177986696
227 3.5253451274452523
228 2.981939792484533
229 2.4098893330292603
230 1.8621031209782815
231 1.3747163353805534
232 0.9616680331175778
233 0.6172257177943902
234 0.3240832519731605
235 0.06294153134808594
236 -0.1802799504037476
237 -0.41169718027148466
238 -0.6310373389225477
239 -0.8357046080667511
240 -1.0249455063740514
241 -1.2022555167478908
242 -1.3753085497511381
243 -1.55383049852248
244 -1.7465352264411258
245 -1.958352124996975
246 -2.1888216135797625
247 -2.4319763614304213
248 -2.677512637672263
249 -2.9127421886767335
250 -3.124736354176091
251 -3.302178495993561
252 -3.4366377378425845
253 -3.5231814083570208
254 -3.5604000198634784
255 -3.5500060331882444
256 -3.4961913208845887
257 -3.4049072531391045
258 -3.283187616226449
259 -3.138586011671409
260 -2.9787571789280025
261 -2.811180701593792
262 -2.643006107038308
263 -2.480988258280533
264 -2.3314781469199097
265 -2.200433988247661
266 -2.0934190255387897
267 -2.0155549063009435
268 -1.9714032621335673
269 -1.9647545701745996
270 -1.9983145652932972
271 -2.073296610702776
272 -2.188954904601798
273 -2.3421273924530253
274 -2.5268941499050976
275 -2.734487056982207
276 -2.9535948835724133
277 -3.171176814230761
278 -3.373812554929478
279 -3.54947661611258
280 -3.689449120149769
281 -3.789915545928476
282 -3.852737393819554
283 -3.8849714927366517
284 -3.897018507661133
285 -3.899753038842671
286 -3.9014861162451053
287 -3.905909378779631
288 -3.912039581608048
289 -3.9165177163490466
290 -3.917557177828755
291 -3.918790144150124
292 -3.9307902248627857
293 -3.9685964371846127
294 -4.045157559442266
295 -4.162713870227006
296 -4.30575689746395
297 -4.439382945796606
298 -4.515168703400604
299 -4.483649894926392
300 -4.309389427806729
301 -3.983006765297857
302 -3.5253424489849507
303 -2.981937277445955
304 -2.4098869714415065
305 -1.8621009034788083
306 -1.374714253178059
307 -0.9616660779571455
308 -0.6172238819247636
309 -0.324081528116013
310 -0.0629399126691656
311 0.18028147032171224
312 0.4116986074542263
313 0.631038679028149
314 0.8357058664080764
315 1.0249466879398095
316 1.2022566262224135
317 1.3753095915329498
318 1.553831476741737
319 1.7465361449759897
320 1.9583529874889885
321 2.1888224234482845
322 2.431977121886186
323 2.677513351730106
324 2.912742859167545
325 3.1247369837580403
326 3.3021790871626324
327 3.4366382929424777
328 3.523181929588432
329 3.5604005092928412
330 3.5500064927559007
331 3.496191752412507
332 3.404907658338074
333 3.283187996702888
334 3.1385863689337223
335 2.97875751439256
336 2.811181016590548
337 2.6430064028160687
338 2.4809885360119144
339 2.3314784077059807
340 2.200434233122311
341 2.0934192554728273
342 2.015555122205943
343 1.9714034648654897
344 1.964754760537178
345 1.9983147440412241
346 2.0732967785447043
347 2.188955062203133
348 2.342127540438583
349 2.5268942888615626
350 2.7344871874604815
351 2.953595006089773
352 3.1711769292729337
353 3.373812662952546
354 3.549476717544804
355 3.6894492153932754
356 3.7899156353608627
357 3.852737477795372
358 3.884971571588829
359 3.897018581702276
360 3.8997531083663204
361 3.9014861815268866
362 3.905909440078355
363 3.9120396391667343
364 3.9165177703958864
365 3.9175572285780187
366 3.9187901918030073
367 3.930790269608209
368 3.968596479199971
369 4.045157598894128
370 4.16271390727178
371 4.305756932248496
372 4.439382978458833
373 4.515168734070004
374 4.48364992372455
375 4.3093894548478175
376 3.9830067906890796
377 3.5253424728269613
378 2.9819372998332923
379 2.4098869924629107
380 1.8621009232176324
381 1.374714271712549
382 0.9616660953607833
383 0.6172238982665488
384 0.324081543460727
385 0.06293992707765173
386 -0.1802814567923379
387 -0.41169859475032233
388 -0.6310386670993532
389 -0.8357058552070955
390 -1.0249466774222378
391 -1.2022566163465533
392 -1.3753095822596484
393 -1.5538314680342291
394 -1.7465361367997545
395 -1.9583529798116133
396 -2.188822416239333
397 -2.4319771151170775
398 -2.6775133453740025
399 -2.9127428531992487
400 -3.1247369781538903
401 -3.302179081900407
402 -3.436638288001321
403 -3.52318192494875
404 -3.5604005049362426
405 -3.5500064886651153
406 -3.4961917485713085
407 -3.404907654731241
408 -3.2831879933161203
409 -3.138586365753593
410 -2.978757511406462
411 -2.811181013786641
412 -2.6430064001832374
413 -2.480988533539721
414 -2.331478405384624
415 -2.2004342309425864
416 -2.0934192534260943
417 -2.0155551202840902
418 -1.9714034630608932
419 -1.9647547588426872
420 -1.9983147424501189
421 -2.073296777050675
422 -2.1889550608002635
423 -2.342127539121307
424 -2.526894287624658
425 -2.7344871862990434
426 -2.9535950049991966
427 -3.1711769282488977
428 -3.373812661990989
429 -3.5494767166419154
430 -3.6894492145454754
431 -3.7899156345647897
432 -3.8527374770478726
433 -3.8849715708869335
434 -3.8970185810432074
435 -3.8997531077474625
436 -3.901486180945788
437 -3.9059094395327105
438 -3.912039638654382
439 -3.9165177699147944
440 -3.9175572281262796
441 -3.91879019137883
442 -3.9307902692099117
443 -3.9685964788259738
444 -4.045157598542953
445 -4.162713906942027
446 -4.305756931938865
447 -4.439382978168093
448 -4.515168733797008
449 -4.4836499234682
450 -4.309389454607106
451 -3.9830067904630564
452 -3.5253424726147276
453 -2.9819372996340165
454 -2.4098869922757915
455 -1.8621009230419308
456 -1.3747142715475664
457 -0.9616660952058677
458 -0.6172238981210841
459 -0.3240815433241382
460 -0.06293992694939643
461 0.18028145691276792
462 0.41169859486340443
463 0.6310386672055358
464 0.8357058553067995
465 1.0249466775158587
466 1.2022566164344621
467 1.3753095823421935
468 1.5538314681117378
469 1.7465361368725343
470 1.9583529798799515
471 2.188822416303502
472 2.431977115177331
473 2.6775133454305795
474 2.9127428532523743
475 3.1247369782037744
476 3.302179081947248
477 3.4366382880453035
478 3.5231819249900496
479 3.5604005049750223
480 3.5500064887015292
481 3.496191748605501
482 3.4049076547633472
483 3.2831879933462678
484 3.1385863657819004
485 2.9787575114330425
486 2.8111810138116007
487 2.6430064002066733
488 2.4809885335617277
489 2.3314784054052877
490 2.20043423096199
491 2.093419253444314
492 2.0155551203011983
493 1.9714034630769572
494 1.9647547588577714
495 1.9983147424642822
496 2.0732967770639736
497 2.1889550608127513
498 2.3421275391330325
499 2.5268942876356686
500 2.7344871863093823
501 2.953595005008905
502 3.1711769282580127
503 3.3738126619995485
504 3.5494767166499526
505 3.6894492145530218
506 3.7899156345718756
507 3.852737477054526
508 3.8849715708931813
509 3.8970185810490734
510 3.899753107752971
511 3.9014861809509602
512 3.905909439537567
513 3.9120396386589418
514 3.9165177699190763
515 3.9175572281303
516 3.918790191382605
517 3.930790269213456
518 3.9685964788293013
519 4.045157598546076
520 4.162713906944962
521 4.30575693194162
522 4.43938297817068
523 4.515168733799436
524 4.483649923470482
525 4.309389454609248
526 3.983006790465069
527 3.525342472616618
528 2.9819372996357916
529 2.4098869922774586
530 1.8621009230434957
531 1.3747142715490361
532 0.9616660952072471
533 0.6172238981223797
534 0.32408154332535444
535 0.06293992695053857
536 -0.18028145691169536
537 -0.41169859486239735
538 -0.6310386672045901
539 -0.8357058553059116
540 -1.0249466775150249
541 -1.2022566164336792
542 -1.3753095823414585
543 -1.5538314681110477
544 -1.7465361368718857
545 -1.958352979879343
546 -2.1888224163029304
547 -2.431977115176794
548 -2.677513345430076
549 -2.912742853251901
550 -3.12473697820333
551 -3.30217908194683
552 -3.4366382880449113
553 -3.5231819249896814
554 -3.560400504974677
555 -3.5500064887012046
556 -3.4961917486051965
557 -3.404907654763061
558 -3.283187993345999
559 -3.138586365781648
560 -2.9787575114328053
561 -2.811181013811378
562 -2.6430064002064646
563 -2.4809885335615314
564 -2.3314784054051034
565 -2.200434230961817
566 -2.0934192534441514
567 -2.0155551203010456
568 -1.9714034630768138
569 -1.9647547588576366
570 -1.9983147424641556
571 -2.0732967770638546
572 -2.18895506081264
573 -2.342127539132927
574 -2.526894287635569
575 -2.734487186309289
576 -2.9535950050088173
577 -3.1711769282579305
578 -3.373812661999471
579 -3.5494767166498797
580 -3.6894492145529534
581 -3.789915634571812
582 -3.852737477054467
583 -3.884971570893126
584 -3.8970185810490214
585 -3.899753107752922
586 -3.901486180950914
587 -3.9059094395375245
588 -3.912039638658902
589 -3.9165177699190385
590 -3.917557228130265
591 -3.918790191382572
592 -3.9307902692134253
593 -3.968596478829273
594 -4.04515759854605
595 -4.162713906944936
596 -4.3057569319415965
597 -4.4393829781706575
598 -4.515168733799417
599 -4.4836499234704625
600 -4.309389454609231
601 -3.983006790465053
602 -3.525342472616603
603 -2.981937299635778
604 -2.409886992277446
605 -1.8621009230434837
606 -1.374714271549025
607 -0.9616660952072368
608 -0.6172238981223697
609 -0.32408154332534506
610 -0.06293992695052952
611 0.18028145691170377
612 0.4116985948624053
613 0.6310386672045976
614 0.8357058553059185
615 1.0249466775150315
616 1.2022566164336856
617 1.3753095823414645
618 1.5538314681110532
619 1.746536136871891
620 1.9583529798793478
621 2.1888224163029344
622 2.4319771151767977
623 2.677513345430079
624 2.912742853251904
625 3.1247369782033325
626 3.302179081946833
627 3.436638288044914
628 3.5231819249896845
629 3.56040050497468
630 3.550006488701208
631 3.4961917486052005
632 3.404907654763065
633 3.2831879933460026
634 3.1385863657816517
635 2.978757511432809
636 2.8111810138113813
637 2.6430064002064677
638 2.4809885335615345
639 2.331478405405106
640 2.2004342309618194
641 2.0934192534441527
642 2.0155551203010464
643 1.9714034630768151
644 1.9647547588576368
645 1.9983147424641565
646 2.073296777063855
647 2.188955060812633
648 2.3421275391329255
649 2.526894287635565
650 2.734487186309287
651 2.953595005008814
652 3.1711769282579283
653 3.3738126619994686
654 3.5494767166498757
655 3.689449214552951
656 3.789915634571809
657 3.852737477054469
658 3.8849715708931245
659 3.8970185810490223
660 3.899753107752922
661 3.901486180950915
662 3.905909439537525
663 3.9120396386589023
664 3.9165177699190394
665 3.9175572281302644
666 3.918790191382572
667 3.930790269213425
668 3.968596478829268
669 4.045157598546048
670 4.162713906944932
671 4.305756931941594
672 4.439382978170655
673 4.515168733799406
674 4.483649923470472
675 4.309389454609248
676 3.983006790465042
677 3.525342472616611
678 2.9819372996357743
679 2.4098869922774493
680 1.8621009230434815
681 1.3747142715490261
682 0.9616660952072354
683 0.6172238981223641
684 0.3240815433253464
685 0.06293992695052658
686 -0.18028145691170405
687 -0.41169859486240745
688 -0.6310386672045984
689 -0.8357058553059201
690 -1.0249466775150324
691 -1.2022566164336865
692 -1.3753095823414652
693 -1.553831468111054
694 -1.7465361368718884
695 -1.958352979879347
696 -2.1888224163029326
697 -2.4319771151767937
698 -2.677513345430079
699 -2.9127428532519017
700 -3.124736978203332
701 -3.3021790819468344
702 -3.43663828804491
703 -3.523181924989684
704 -3.560400504974677
705 -3.5500064887012126
706 -3.4961917486052005
707 -3.4049076547630674
708 -3.2831879933460084
709 -3.1385863657816513
710 -2.9787575114328124
711 -2.811181013811382
712 -2.6430064002064713
713 -2.480988533561536
714 -2.3314784054051088
715 -2.200434230961821
716 -2.0934192534441576
717 -2.015555120301049
718 -1.9714034630768187
719 -1.964754758857635
720 -1.998314742464163
721 -2.073296777063856
722 -2.1889550608126376
723 -2.342127539132921
724 -2.5268942876355713
725 -2.734487186309286
726 -2.9535950050088173
727 -3.17117692825793
728 -3.3738126619994713
729 -3.5494767166498797
730 -3.6894492145529583
731 -3.78991563457181
732 -3.852737477054469
733 -3.884971570893126
734 -3.897018581049025
735 -3.899753107752922
736 -3.9014861809509163
737 -3.905909439537525
738 -3.912039638658903
739 -3.9165177699190394
740 -3.9175572281302657
741 -3.918790191382573
742 -3.930790269213428
743 -3.968596478829274
744 -4.0451575985460515
745 -4.162713906944931
746 -4.305756931941599
747 -4.439382978170655
748 -4.515168733799418
749 -4.483649923470462
750 -4.309389454609232
751 -3.9830067904650543
752 -3.525342472616626
753 -2.9819372996357716
754 -2.409886992277458
755 -1.8621009230434837
756 -1.3747142715490277
757 -0.9616660952072432
758 -0.6172238981223728
759 -0.32408154332534955
760 -0.06293992695053274
761 0.18028145691170017
762 0.41169859486240235
763 0.6310386672045943
764 0.8357058553059158
765 1.0249466775150289
766 1.2022566164336828
767 1.3753095823414596
768 1.5538314681110497
769 1.7465361368718906
770 1.9583529798793453
771 2.188822416302938
772 2.4319771151767973
773 2.6775133454300812
774 2.912742853251904
775 3.124736978203333
776 3.3021790819468366
777 3.43663828804492
778 3.5231819249896894
779 3.5604005049746847
780 3.5500064887012055
781 3.496191748605203
782 3.4049076547630586
783 3.283187993346003
784 3.138586365781649
785 2.9787575114328115
786 2.811181013811378
787 2.6430064002064704
788 2.480988533561533
789 2.3314784054051074
790 2.200434230961822
791 2.0934192534441576
792 2.0155551203010496
793 1.9714034630768222
794 1.9647547588576408
795 1.9983147424641612
796 2.073296777063853
797 2.188955060812642
798 2.3421275391329206
799 2.526894287635562
800 2.734487186309283
801 2.9535950050088173
802 3.1711769282579283
803 3.3738126619994704
804 3.5494767166498766
805 3.689449214552953
806 3.789915634571811
807 3.852737477054471
808 3.8849715708931267
809 3.8970185810490268
810 3.899753107752926
811 3.9014861809509185
812 3.905909439537529
813 3.9120396386589054
814 3.916517769919043
815 3.917557228130268
816 3.9187901913825756
817 3.9307902692134276
818 3.9685964788292702
819 4.04515759854605
820 4.162713906944928
821 4.305756931941589
822 4.43938297817065
823 4.515168733799395
824 4.483649923470454
825 4.309389454609237
826 3.9830067904650295
827 3.5253424726166016
828 2.9819372996357645
829 2.4098869922774497
830 1.8621009230434773
831 1.374714271549021
832 0.9616660952072369
833 0.6172238981223669
834 0.3240815433253519
835 0.06293992695052986
836 -0.18028145691169983
837 -0.41169859486240423
838 -0.6310386672045949
839 -0.8357058553059172
840 -1.0249466775150298
841 -1.202256616433684
842 -1.3753095823414616
843 -1.5538314681110534
844 -1.7465361368718963
845 -1.9583529798793538
846 -2.1888224163029393
847 -2.431977115176799
848 -2.677513345430084
849 -2.912742853251906
850 -3.1247369782033365
851 -3.302179081946842
852 -3.4366382880449198
853 -3.523181924989698
854 -3.560400504974681
855 -3.550006488701205
856 -3.4961917486051948
857 -3.4049076547630617
858 -3.283187993346003
859 -3.1385863657816464
860 -2.978757511432808
861 -2.811181013811378
862 -2.6430064002064695
863 -2.4809885335615327
864 -2.331478405405105
865 -2.2004342309618194
866 -2.0934192534441576
867 -2.0155551203010518
868 -1.9714034630768196
869 -1.9647547588576364
870 -1.9983147424641639
871 -2.0732967770638573
872 -2.1889550608126385
873 -2.3421275391329157
874 -2.526894287635564
875 -2.7344871863092752
876 -2.953595005008812
877 -3.1711769282579234
878 -3.3738126619994655
879 -3.549476716649874
880 -3.689449214552953
881 -3.7899156345718046
882 -3.8527374770544647
883 -3.884971570893125
884 -3.897018581049025
885 -3.8997531077529226
886 -3.9014861809509167
887 -3.905909439537526
888 -3.912039638658904
889 -3.91651776991904
890 -3.9175572281302666
891 -3.9187901913825733
892 -3.9307902692134276
893 -3.9685964788292734
894 -4.045157598546045
895 -4.162713906944922
896 -4.305756931941589
897 -4.439382978170646
898 -4.515168733799402
899 -4.483649923470439
900 -4.309389454609217
901 -3.9830067904650375
902 -3.5253424726166136
903 -2.9819372996357587
904 -2.409886992277448
905 -1.862100923043474
906 -1.3747142715490148
907 -0.9616660952072269
908 -0.6172238981223657
909 -0.32408154332534117
910 -0.06293992695052752
911 0.18028145691170674
912 0.41169859486240734
913 0.6310386672045997
914 0.8357058553059202
915 1.0249466775150333
916 1.202256616433687
917 1.3753095823414634
918 1.5538314681110534
919 1.7465361368718932
920 1.9583529798793484
921 2.1888224163029397
922 2.4319771151767995
923 2.6775133454300826
924 2.9127428532519057
925 3.1247369782033347
926 3.3021790819468384
927 3.436638288044922
928 3.5231819249897023
929 3.560400504974691
930 3.550006488701216
931 3.4961917486052103
932 3.4049076547630674
933 3.2831879933460097
934 3.138586365781656
935 2.9787575114328178
936 2.8111810138113844
937 2.643006400206476
938 2.4809885335615385
939 2.3314784054051123
940 2.200434230961827
941 2.093419253444161
942 2.0155551203010535
943 1.9714034630768256
944 1.9647547588576442
945 1.9983147424641636
946 2.0732967770638546
947 2.188955060812643
948 2.342127539132921
949 2.526894287635563
950 2.7344871863092832
951 2.9535950050088173
952 3.1711769282579283
953 3.3738126619994704
954 3.5494767166498766
955 3.6894492145529534
956 3.789915634571811
957 3.852737477054471
958 3.8849715708931267
959 3.8970185810490268
960 3.899753107752926
961 3.9014861809509185
962 3.905909439537529
963 3.9120396386589054
964 3.916517769919043
965 3.917557228130268
966 3.9187901913825756
967 3.9307902692134276
968 3.9685964788292702
969 4.04515759854605
970 4.162713906944927
971 4.305756931941589
972 4.43938297817065
973 4.5151687337993955
974 4.4836499234704545
975 4.309389454609239
976 3.9830067904650317
977 3.5253424726166047
978 2.981937299635768
979 2.409886992277453
980 1.8621009230434802
981 1.3747142715490233
982 0.9616660952072268
983 0.6172238981223647
984 0.32408154332534483
985 0.06293992695052625
986 -0.18028145691170516
987 -0.41169859486240806
988 -0.6310386672045992
989 -0.8357058553059208
990 -1.0249466775150333
991 -1.2022566164336874
992 -1.3753095823414647
993 -1.553831468111056
994 -1.7465361368718986
995 -1.9583529798793553
996 -2.1888224163029406
997 -2.4319771151768
998 -2.6775133454300857
999 -2.912742853251907
1000 -3.1247369782033383
1001 -3.3021790819468437
1002 -3.4366382880449216
1003 -3.523181924989699
1004 -3.560400504974684
1005 -3.550006488701207
1006 -3.4961917486051965
1007 -3.4049076547630635
1008 -3.2831879933460058
1009 -3.138586365781648
1010 -2.97875751143281
1011 -2.81118101381138
1012 -2.6430064002064713
1013 -2.4809885335615345
1014 -2.331478405405107
1015 -2.2004342309618212
1016 -2.0934192534441594
1017 -2.0155551203010527
1018 -1.971403463076821
1019 -1.9647547588576373
1020 -1.9983147424641647
1021 -2.073296777063857
1022 -2.1889550608126376
1023 -2.3421275391329144
1024 -2.526894287635563
1025 -2.734487186309274
1026 -2.9535950050088116
1027 -3.1711769282579225
1028 -3.373812661999465
1029 -3.549476716649874
1030 -3.6894492145529525
1031 -3.789915634571805
1032 -3.852737477054465
1033 -3.884971570893125
1034 -3.8970185810490254
1035 -3.8997531077529235
1036 -3.901486180950917
1037 -3.9059094395375267
1038 -3.9120396386589045
1039 -3.9165177699190408
1040 -3.9175572281302666
1041 -3.918790191382574
1042 -3.930790269213428
1043 -3.968596478829274
1044 -4.045157598546045
1045 -4.162713906944922
1046 -4.3057569319415885
1047 -4.439382978170646
1048 -4.515168733799402
1049 -4.4836499234704394
1050 -4.309389454609219
1051 -3.9830067904650397
1052 -3.5253424726166167
1053 -2.981937299635762
1054 -2.4098869922774506
1055 -1.8621009230434769
1056 -1.3747142715490166
1057 -0.9616660952072287
1058 -0.6172238981223668
1059 -0.32408154332534256
1060 -0.06293992695052869
1061 0.18028145691170563
1062 0.41169859486240645
1063 0.6310386672045988
1064 0.8357058553059195
1065 1.0249466775150324
1066 1.202256616433686
1067 1.3753095823414625
1068 1.5538314681110525
1069 1.7465361368718926
1070 1.9583529798793466
1071 2.188822416302939
1072 2.4319771151767977
1073 2.6775133454300812
1074 2.912742853251904
1075 3.124736978203333
1076 3.3021790819468366
1077 3.436638288044921
1078 3.523181924989701
1079 3.56040050497469
1080 3.550006488701216
1081 3.4961917486052103
1082 3.404907654763068
1083 3.2831879933460106
1084 3.1385863657816566
1085 2.978757511432819
1086 2.811181013811385
1087 2.643006400206477
1088 2.480988533561539
1089 2.3314784054051128
1090 2.2004342309618243
1091 2.0934192534441602
1092 2.0155551203010513
1093 1.9714034630768245
1094 1.9647547588576426
1095 1.9983147424641627
1096 2.0732967770638533
1097 2.188955060812642
1098 2.3421275391329197
1099 2.5268942876355616
1100 2.7344871863092814
1101 2.9535950050088156
1102 3.1711769282579265
1103 3.3738126619994695
1104 3.5494767166498753
1105 3.689449214552953
1106 3.78991563457181
1107 3.852737477054471
1108 3.8849715708931267
1109 3.897018581049027
1110 3.899753107752926
1111 3.9014861809509185
1112 3.9059094395375284
1113 3.9120396386589054
1114 3.916517769919043
1115 3.917557228130268
1116 3.9187901913825756
1117 3.930790269213427
1118 3.96859647882927
1119 4.045157598546049
1120 4.162713906944926
1121 4.305756931941588
1122 4.439382978170649
1123 4.515168733799395
1124 4.483649923470454
1125 4.3093894546092395
1126 3.9830067904650335
1127 3.5253424726166074
1128 2.9819372996357707
1129 2.409886992277456
1130 1.8621009230434826
1131 1.3747142715490255
1132 0.9616660952072286
1133 0.6172238981223663
1134 0.324081543325346
1135 0.06293992695052752
1136 -0.18028145691170405
1137 -0.41169859486240695
1138 -0.6310386672045982
1139 -0.8357058553059198
1140 -1.0249466775150324
1141 -1.202256616433686
1142 -1.3753095823414636
1143 -1.553831468111055
1144 -1.7465361368718904
1145 -1.958352979879352
1146 -2.1888224163029344
1147 -2.431977115176796
1148 -2.6775133454300803
1149 -2.9127428532519035
1150 -3.124736978203334
1151 -3.30217908194684
1152 -3.436638288044918
1153 -3.523181924989696
1154 -3.5604005049746807
1155 -3.5500064887012037
1156 -3.4961917486051943
1157 -3.4049076547630617
1158 -3.2831879933460044
1159 -3.1385863657816477
1160 -2.9787575114328093
1161 -2.81118101381138
1162 -2.643006400206471
1163 -2.4809885335615345
1164 -2.331478405405107
1165 -2.2004342309618212
1166 -2.0934192534441585
1167 -2.015555120301052
1168 -1.971403463076819
1169 -1.9647547588576355
1170 -1.998314742464162
1171 -2.0732967770638546
1172 -2.1889550608126354
1173 -2.3421275391329117
1174 -2.5268942876355602
1175 -2.7344871863092717
1176 -2.953595005008809
1177 -3.1711769282579203
1178 -3.3738126619994633
1179 -3.549476716649872
1180 -3.6894492145529516
1181 -3.7899156345718037
1182 -3.852737477054464
1183 -3.884971570893124
1184 -3.897018581049024
1185 -3.8997531077529226
1186 -3.901486180950916
1187 -3.905909439537526
1188 -3.912039638658903
1189 -3.91651776991904
1190 -3.917557228130266
1191 -3.9187901913825733
1192 -3.9307902692134276
1193 -3.968596478829273
1194 -4.045157598546044
1195 -4.162713906944921
1196 -4.305756931941588
1197 -4.439382978170645
1198 -4.515168733799402
1199 -4.4836499234704394
1200 -4.309389454609221
1201 -3.9830067904650424
1202 -3.52534247261662
1203 -2.9819372996357654
1204 -2.409886992277454
1205 -1.8621009230434802
1206 -1.3747142715490202
1207 -0.9616660952072312
1208 -0.6172238981223694
1209 -0.3240815433253445
1210 -0.06293992695053058
1211 0.18028145691170377
1212 0.4116985948624046
1213 0.6310386672045971
1214 0.8357058553059178
1215 1.024946677515031
1216 1.2022566164336848
1217 1.3753095823414614
1218 1.5538314681110512
1219 1.7465361368718912
1220 1.9583529798793455
1221 2.188822416302937
1222 2.4319771151767964
1223 2.6775133454300795
1224 2.9127428532519026
1225 3.1247369782033316
1226 3.3021790819468357
1227 3.43663828804492
1228 3.523181924989689
1229 3.560400504974686
1230 3.5500064887012077
1231 3.496191748605205
1232 3.404907654763061
1233 3.2831879933460058
1234 3.138586365781651
1235 2.978757511432814
1236 2.8111810138113804
1237 2.6430064002064726
1238 2.480988533561535
1239 2.331478405405109
1240 2.200434230961821
1241 2.0934192534441576
1242 2.015555120301048
1243 1.9714034630768216
1244 1.9647547588576386
1245 1.9983147424641592
1246 2.0732967770638493
1247 2.188955060812638
1248 2.3421275391329153
1249 2.5268942876355576
1250 2.734487186309277
1251 2.953595005008812
1252 3.171176928257923
1253 3.373812661999466
1254 3.549476716649872
1255 3.6894492145529503
1256 3.789915634571808
1257 3.852737477054469
1258 3.884971570893124
1259 3.8970185810490254
1260 3.8997531077529235
1261 3.901486180950917
1262 3.9059094395375267
1263 3.912039638658904
1264 3.916517769919041
1265 3.9175572281302666
1266 3.9187901913825742
1267 3.9307902692134267
1268 3.9685964788292694
1269 4.045157598546048
1270 4.1627139069449255
1271 4.305756931941587
1272 4.439382978170649
1273 4.515168733799395
1274 4.4836499234704545
1275 4.309389454609242
1276 3.9830067904650357
1277 3.5253424726166114
1278 2.9819372996357747
1279 2.4098869922774604
1280 1.8621009230434868
1281 1.374714271549029
1282 0.9616660952072317
1283 0.6172238981223687
1284 0.3240815433253484
1285 0.06293992695052941
1286 -0.18028145691170208
1287 -0.41169859486240523
1288 -0.6310386672045964
1289 -0.8357058553059182
1290 -1.024946677515031
1291 -1.2022566164336848
1292 -1.3753095823414625
1293 -1.5538314681110488
1294 -1.7465361368718875
1295 -1.958352979879347
1296 -2.1888224163029313
1297 -2.4319771151767924
1298 -2.677513345430077
1299 -2.9127428532518995
1300 -3.1247369782033303
1301 -3.3021790819468366
1302 -3.4366382880449153
1303 -3.523181924989694
1304 -3.5604005049746794
1305 -3.550006488701215
1306 -3.496191748605198
1307 -3.404907654763058
1308 -3.2831879933460053
1309 -3.1385863657816455
1310 -2.9787575114328155
1311 -2.8111810138113804
1312 -2.6430064002064717
1313 -2.480988533561536
1314 -2.3314784054051074
1315 -2.200434230961822
1316 -2.093419253444154
1317 -2.0155551203010513
1318 -1.971403463076824
1319 -1.9647547588576366
1320 -1.9983147424641656
1321 -2.0732967770638444
1322 -2.1889550608126345
1323 -2.342127539132917
1324 -2.5268942876355496
1325 -2.7344871863092712
1326 -2.9535950050088022
1327 -3.171176928257915
1328 -3.373812661999457
1329 -3.5494767166498624
1330 -3.689449214552945
1331 -3.7899156345717957
1332 -3.8527374770544665
1333 -3.8849715708931205
1334 -3.8970185810490205
1335 -3.8997531077529213
1336 -3.901486180950913
1337 -3.905909439537524
1338 -3.912039638658901
1339 -3.9165177699190385
1340 -3.9175572281302635
1341 -3.9187901913825716
1342 -3.9307902692134253
1343 -3.968596478829263
1344 -4.045157598546039
1345 -4.162713906944925
1346 -4.305756931941584
1347 -4.439382978170649
1348 -4.515168733799401
1349 -4.483649923470473
1350 -4.3093894546092315
1351 -3.983006790465023
1352 -3.5253424726166216
1353 -2.981937299635755
1354 -2.409886992277469
1355 -1.8621009230434784
1356 -1.3747142715490357
1357 -0.9616660952072346
1358 -0.6172238981223792
1359 -0.32408154332535716
1360 -0.06293992695053663
1361 0.18028145691169448
1362 0.41169859486239896
1363 0.6310386672045898
1364 0.8357058553059122
1365 1.0249466775150258
1366 1.2022566164336796
1367 1.3753095823414585
1368 1.553831468111047
1369 1.7465361368718884
1370 1.9583529798793506
1371 2.188822416302928
1372 2.4319771151767964
1373 2.6775133454300786
1374 2.9127428532519026
1375 3.124736978203331
1376 3.3021790819468424
1377 3.436638288044922
1378 3.523181924989694
1379 3.5604005049746887
1380 3.550006488701212
1381 3.4961917486051965
1382 3.4049076547630728
1383 3.283187993346004
1384 3.13858636578165
1385 2.978757511432813
1386 2.81118101381138
1387 2.6430064002064744
1388 2.4809885335615354
1389 2.33147840540511
1390 2.200434230961821
1391 2.0934192534441576
1392 2.015555120301055
1393 1.9714034630768156
1394 1.9647547588576408
1395 1.9983147424641672
1396 2.0732967770638524
1397 2.188955060812643
1398 2.342127539132906
1399 2.526894287635557
1400 2.7344871863092717
1401 2.953595005008804
1402 3.171176928257917
1403 3.373812661999459
1404 3.5494767166498713
1405 3.689449214552945
1406 3.7899156345717966
1407 3.8527374770544625
1408 3.8849715708931165
1409 3.897018581049024
1410 3.8997531077529195
1411 3.901486180950915
1412 3.9059094395375227
1413 3.912039638658902
1414 3.9165177699190377
1415 3.9175572281302653
1416 3.918790191382572
1417 3.9307902692134284
1418 3.968596478829268
1419 4.045157598546048
1420 4.162713906944936
1421 4.305756931941589
1422 4.439382978170656
1423 4.515168733799414
1424 4.483649923470466
1425 4.309389454609217
1426 3.983006790465082
1427 3.525342472616612
1428 2.9819372996357734
1429 2.409886992277461
1430 1.862100923043486
1431 1.3747142715490366
1432 0.9616660952072331
1433 0.6172238981223734
1434 0.3240815433253426
1435 0.06293992695053036
1436 -0.18028145691170488
1437 -0.4116985948624047
1438 -0.631038667204598
1439 -0.8357058553059179
1440 -1.024946677515032
1441 -1.2022566164336852
1442 -1.3753095823414654
1443 -1.5538314681110497
1444 -1.7465361368718892
1445 -1.9583529798793393
1446 -2.1888224163029295
1447 -2.4319771151767933
1448 -2.677513345430072
1449 -2.912742853251899
1450 -3.124736978203325
1451 -3.302179081946835
1452 -3.4366382880449122
1453 -3.5231819249896814
1454 -3.560400504974674
1455 -3.550006488701207
1456 -3.496191748605205
1457 -3.404907654763067
1458 -3.283187993346003
1459 -3.138586365781659
1460 -2.978757511432812
1461 -2.811181013811382
1462 -2.643006400206473
1463 -2.4809885335615363
1464 -2.33147840540511
1465 -2.2004342309618226
1466 -2.0934192534441607
1467 -2.0155551203010473
1468 -1.9714034630768185
1469 -1.9647547588576415
1470 -1.9983147424641527
1471 -2.0732967770638546
1472 -2.1889550608126416
1473 -2.342127539132913
1474 -2.526894287635564
1475 -2.734487186309282
1476 -2.953595005008814
1477 -3.1711769282579274
1478 -3.373812661999469
1479 -3.5494767166498784
1480 -3.6894492145529507
1481 -3.789915634571816
1482 -3.852737477054468
1483 -3.8849715708931263
1484 -3.8970185810490277
1485 -3.899753107752925
1486 -3.9014861809509194
1487 -3.9059094395375276
1488 -3.912039638658906
1489 -3.916517769919042
1490 -3.9175572281302684
1491 -3.918790191382576
1492 -3.9307902692134262
1493 -3.9685964788292734
1494 -4.045157598546054
1495 -4.162713906944923
1496 -4.305756931941593
1497 -4.439382978170648
1498 -4.515168733799407
1499 -4.483649923470445
1500 -4.309389454609269
1501 -3.983006790465063
1502 -3.525342472616617
1503 -2.981937299635809
1504 -2.409886992277467
1505 -1.8621009230435082
1506 -1.3747142715490355
1507 -0.961666095207252
1508 -0.6172238981223841
1509 -0.3240815433253607
1510 -0.06293992695054401
1511 0.18028145691169056
1512 0.41169859486239263
1513 0.631038667204586
1514 0.8357058553059078
1515 1.0249466775150213
1516 1.2022566164336759
1517 1.3753095823414525
1518 1.5538314681110426
1519 1.7465361368718826
1520 1.9583529798793373
1521 2.188822416302929
1522 2.4319771151767817
1523 2.67751334543007
1524 2.912742853251892
1525 3.124736978203326
1526 3.3021790819468277
1527 3.436638288044906
1528 3.523181924989692
1529 3.56040050497468
1530 3.550006488701196
1531 3.496191748605211
1532 3.4049076547630577
1533 3.283187993346029
1534 3.138586365781657
1535 2.9787575114328306
1536 2.8111810138113946
1537 2.6430064002064837
1538 2.480988533561547
1539 2.3314784054051194
1540 2.20043423096183
1541 2.0934192534441705
1542 2.0155551203010513
1543 1.9714034630768296
1544 1.9647547588576224
1545 1.998314742464158
1546 2.0732967770638386
1547 2.1889550608126207
1548 2.3421275391329153
1549 2.5268942876355576
1550 2.734487186309277
1551 2.9535950050088053
1552 3.171176928257923
1553 3.3738126619994624
1554 3.5494767166498713
1555 3.689449214552948
1556 3.7899156345718072
1557 3.8527374770544682
1558 3.8849715708931316
1559 3.8970185810490228
1560 3.8997531077529253
1561 3.901486180950916
1562 3.9059094395375262
1563 3.9120396386589036
1564 3.916517769919041
1565 3.917557228130266
1566 3.9187901913825742
1567 3.9307902692134262
1568 3.968596478829284
1569 4.04515759854604
1570 4.162713906944944
1571 4.305756931941595
1572 4.439382978170663
1573 4.51516873379942
1574 4.483649923470444
1575 4.309389454609297
1576 3.9830067904650495
1577 3.5253424726166513
1578 2.9819372996357965
1579 2.4098869922774604
1580 1.8621009230435015
1581 1.374714271549041
1582 0.9616660952072554
1583 0.6172238981223824
1584 0.3240815433253583
1585 0.06293992695054407
1586 -0.1802814569116922
1587 -0.41169859486239335
1588 -0.631038667204587
1589 -0.8357058553059082
1590 -1.024946677515021
1591 -1.2022566164336757
1592 -1.3753095823414556
1593 -1.5538314681110457
1594 -1.7465361368718821
1595 -1.9583529798793342
1596 -2.1888224163029317
1597 -2.431977115176777
1598 -2.6775133454300724
1599 -2.912742853251889
1600 -3.124736978203325
1601 -3.3021790819468166
1602 -3.436638288044916
1603 -3.523181924989672
1604 -3.560400504974673
1605 -3.550006488701202
1606 -3.496191748605203
1607 -3.4049076547630523
1608 -3.2831879933460177
1609 -3.138586365781646
1610 -2.978757511432817
1611 -2.8111810138113813
1612 -2.64300640020647
1613 -2.480988533561536
1614 -2.331478405405108
1615 -2.2004342309618217
1616 -2.093419253444154
1617 -2.0155551203010447
1618 -1.9714034630768218
1619 -1.9647547588576215
1620 -1.9983147424641585
1621 -2.0732967770638444
1622 -2.1889550608126287
1623 -2.342127539132927
1624 -2.5268942876355482
1625 -2.734487186309285
1626 -2.9535950050088053
1627 -3.1711769282579243
1628 -3.373812661999463
1629 -3.5494767166498704
1630 -3.6894492145529583
1631 -3.7899156345718055
1632 -3.852737477054469
1633 -3.8849715708931276
1634 -3.89701858104902
1635 -3.8997531077529257
1636 -3.901486180950915
1637 -3.9059094395375267
1638 -3.9120396386589027
1639 -3.9165177699190403
1640 -3.917557228130265
1641 -3.9187901913825725
1642 -3.930790269213426
1643 -3.968596478829271
1644 -4.045157598546042
1645 -4.1627139069449415
1646 -4.305756931941583
1647 -4.439382978170657
1648 -4.5151687337994035
1649 -4.483649923470479
1650 -4.309389454609278
1651 -3.9830067904650432
1652 -3.525342472616699
1653 -2.981937299635793
1654 -2.4098869922775115
1655 -1.862100923043514
1656 -1.3747142715490792
1657 -0.9616660952072559
1658 -0.6172238981224111
1659 -0.3240815433253711
1660 -0.06293992695055972
1661 0.18028145691167952
1662 0.4116985948623805
1663 0.6310386672045757
1664 0.8357058553058971
1665 1.0249466775150122
1666 1.2022566164336668
1667 1.375309582341449
1668 1.5538314681110315
1669 1.7465361368718768
1670 1.9583529798793284
1671 2.1888224163029144
1672 2.431977115176772
1673 2.6775133454300626
1674 2.912742853251884
1675 3.124736978203316
1676 3.302179081946808
1677 3.4366382880449033
1678 3.523181924989658
1679 3.5604005049746807
1680 3.550006488701189
1681 3.496191748605197
1682 3.4049076547630603
1683 3.2831879933460115
1684 3.1385863657816455
1685 2.9787575114328106
1686 2.811181013811377
1687 2.6430064002064637
1688 2.4809885335615305
1689 2.3314784054051025
1690 2.2004342309618123
1691 2.0934192534441505
1692 2.0155551203010407
1693 1.971403463076806
1694 1.9647547588576189
1695 1.9983147424641539
1696 2.0732967770638466
1697 2.188955060812633
1698 2.3421275391329357
1699 2.526894287635559
1700 2.734487186309298
1701 2.953595005008806
1702 3.171176928257933
1703 3.3738126619994655
1704 3.549476716649883
1705 3.6894492145529605
1706 3.7899156345718095
1707 3.8527374770544673
1708 3.8849715708931263
1709 3.897018581049016
1710 3.899753107752922
1711 3.901486180950911
1712 3.9059094395375222
1713 3.9120396386588987
1714 3.9165177699190368
1715 3.917557228130263
1716 3.9187901913825702
1717 3.930790269213426
1718 3.968596478829273
1719 4.045157598546048
1720 4.162713906944951
1721 4.305756931941593
1722 4.439382978170665
1723 4.5151687337994355
1724 4.48364992347048
1725 4.309389454609278
1726 3.983006790465111
1727 3.5253424726166998
1728 2.98193729963582
1729 2.409886992277513
1730 1.8621009230435295
1731 1.3747142715490885
1732 0.9616660952072738
1733 0.6172238981224275
1734 0.32408154332537475
1735 0.06293992695057227
1736 -0.18028145691167347
1737 -0.4116985948623701
1738 -0.6310386672045682
1739 -0.8357058553058884
1740 -1.0249466775150045
1741 -1.202256616433659
1742 -1.3753095823414427
1743 -1.553831468111027
1744 -1.7465361368718757
1745 -1.9583529798793122
1746 -2.1888224163029126
1747 -2.431977115176765
1748 -2.677513345430053
1749 -2.912742853251875
1750 -3.1247369782033068
1751 -3.3021790819468095
1752 -3.436638288044894
1753 -3.5231819249896503
1754 -3.560400504974667
1755 -3.550006488701174
1756 -3.496191748605203
1757 -3.4049076547630475
1758 -3.2831879933460066
1759 -3.138586365781648
1760 -2.978757511432818
1761 -2.8111810138113786
1762 -2.6430064002064726
1763 -2.480988533561534
1764 -2.3314784054051096
1765 -2.200434230961818
1766 -2.093419253444158
1767 -2.0155551203010367
1768 -1.9714034630768136
1769 -1.9647547588576235
1770 -1.9983147424641432
1771 -2.0732967770638524
1772 -2.188955060812634
1773 -2.34212753913292
1774 -2.5268942876355607
1775 -2.734487186309294
1776 -2.9535950050088084
1777 -3.171176928257933
1778 -3.3738126619994686
1779 -3.5494767166498815
1780 -3.6894492145529583
1781 -3.789915634571821
1782 -3.852737477054466
1783 -3.884971570893129
1784 -3.897018581049023
1785 -3.8997531077529253
1786 -3.9014861809509163
1787 -3.9059094395375262
1788 -3.912039638658904
1789 -3.9165177699190417
1790 -3.917557228130267
1791 -3.9187901913825742
1792 -3.930790269213424
1793 -3.968596478829279
1794 -4.045157598546053
1795 -4.162713906944938
1796 -4.305756931941597
1797 -4.439382978170657
1798 -4.515168733799428
1799 -4.483649923470459
1800 -4.309389454609329
1801 -3.9830067904650925
1802 -3.525342472616706
1803 -2.981937299635856
1804 -2.40988699227752
1805 -1.8621009230435526
1806 -1.3747142715490877
1807 -0.9616660952072934
1808 -0.6172238981224384
1809 -0.32408154332539363
1810 -0.06293992695058614
1811 0.1802814569116587
1812 0.4116985948623576
1813 0.6310386672045558
1814 0.8357058553058778
1815 1.0249466775149936
1816 1.2022566164336497
1817 1.3753095823414303
1818 1.55383146811102
1819 1.7465361368718693
1820 1.9583529798793102
1821 2.188822416302912
1822 2.4319771151767524
1823 2.6775133454300506
1824 2.9127428532518675
1825 3.124736978203307
1826 3.302179081946802
1827 3.4366382880448874
1828 3.5231819249896605
1829 3.56040050497466
1830 3.5500064887011713
1831 3.4961917486051926
1832 3.4049076547630373
1833 3.283187993346012
1834 3.13858636578164
1835 2.978757511432815
1836 2.81118101381138
1837 2.64300640020647
1838 2.480988533561534
1839 2.3314784054051074
1840 2.2004342309618194
1841 2.0934192534441602
1842 2.0155551203010407
1843 1.9714034630768198
1844 1.9647547588576126
1845 1.998314742464149
1846 2.0732967770638293
1847 2.188955060812612
1848 2.342127539132906
1849 2.5268942876355487
1850 2.7344871863092677
1851 2.953595005008797
1852 3.171176928257915
1853 3.3738126619994557
1854 3.5494767166498655
1855 3.689449214552957
1856 3.7899156345718072
1857 3.8527374770544744
1858 3.8849715708931347
1859 3.8970185810490277
1860 3.899753107752929
1861 3.9014861809509203
1862 3.90590943953753
1863 3.912039638658907
1864 3.9165177699190443
1865 3.9175572281302693
1866 3.918790191382577
1867 3.930790269213428
1868 3.96859647882927
1869 4.0451575985460355
1870 4.162713906944933
1871 4.3057569319415885
1872 4.439382978170654
1873 4.515168733799415
1874 4.483649923470439
1875 4.3093894546092955
1876 3.9830067904650486
1877 3.5253424726166522
1878 2.9819372996357982
1879 2.4098869922774626
1880 1.8621009230435033
1881 1.3747142715490424
1882 0.9616660952072561
1883 0.6172238981223827
1884 0.3240815433253582
1885 0.06293992695054385
1886 -0.18028145691169245
1887 -0.4116985948623935
1888 -0.6310386672045871
1889 -0.8357058553059085
1890 -1.024946677515021
1891 -1.202256616433676
1892 -1.3753095823414558
1893 -1.5538314681110457
1894 -1.7465361368718813
1895 -1.9583529798793338
1896 -2.188822416302931
1897 -2.4319771151767764
1898 -2.6775133454300715
1899 -2.9127428532518884
1900 -3.1247369782033245
1901 -3.302179081946816
1902 -3.4366382880449162
1903 -3.5231819249896725
1904 -3.560400504974675
1905 -3.550006488701203
1906 -3.496191748605205
1907 -3.404907654763055
1908 -3.28318799334602
1909 -3.138586365781649
1910 -2.9787575114328204
1911 -2.8111810138113844
1912 -2.643006400206474
1913 -2.480988533561539
1914 -2.331478405405111
1915 -2.2004342309618243
1916 -2.0934192534441567
1917 -2.015555120301046
1918 -1.9714034630768227
1919 -1.9647547588576215
1920 -1.9983147424641585
1921 -2.0732967770638435
1922 -2.1889550608126283
1923 -2.3421275391329255
1924 -2.526894287635547
1925 -2.7344871863092832
1926 -2.9535950050088036
1927 -3.171176928257922
1928 -3.373812661999461
1929 -3.5494767166498686
1930 -3.6894492145529574
1931 -3.789915634571805
1932 -3.85273747705447
1933 -3.8849715708931285
1934 -3.897018581049021
1935 -3.8997531077529266
1936 -3.9014861809509154
1937 -3.905909439537527
1938 -3.9120396386589027
1939 -3.916517769919041
1940 -3.9175572281302657
1941 -3.918790191382573
1942 -3.9307902692134267
1943 -3.968596478829271
1944 -4.045157598546041
1945 -4.162713906944941
1946 -4.305756931941582
1947 -4.439382978170656
1948 -4.515168733799404
1949 -4.483649923470481
1950 -4.309389454609281
1951 -3.983006790465048
1952 -3.5253424726167055
1953 -2.9819372996358
1954 -2.409886992277519
1955 -1.8621009230435208
1956 -1.374714271549085
1957 -0.9616660952072608
1958 -0.6172238981224152
1959 -0.32408154332537453
1960 -0.06293992695056289
1961 0.18028145691167663
1962 0.41169859486237775
1963 0.6310386672045722
1964 0.8357058553058944
1965 1.0249466775150091
1966 1.2022566164336639
1967 1.3753095823414458
1968 1.5538314681110281
1969 1.7465361368718737
1970 1.9583529798793249
1971 2.1888224163029104
1972 2.431977115176768
1973 2.677513345430058
1974 2.9127428532518795
1975 3.1247369782033125
1976 3.302179081946817
1977 3.4366382880449047
1978 3.5231819249896645
1979 3.5604005049746843
1980 3.5500064887011953
1981 3.496191748605203
1982 3.4049076547630674
1983 3.283187993346018
1984 3.138586365781652
1985 2.9787575114328164
1986 2.811181013811383
1987 2.6430064002064695
1988 2.4809885335615367
1989 2.331478405405108
1990 2.2004342309618177
1991 2.093419253444155
1992 2.015555120301044
1993 1.971403463076809
1994 1.9647547588576206
1995 1.9983147424641559
1996 2.0732967770638475
1997 2.188955060812633
1998 2.3421275391329353
1999 2.5268942876355585
